video_id,country,fetched_at,published_at,title,localized_title,channel_title,channel_id,category_id,category_name,tags,tag_count,thumbnail,default_language,audio_language,is_live,duration,duration_raw,definition,caption_available,licensed_content,embeddable,made_for_kids,views,likes,comments
h0X_h3y96n4,IN,2026-03-16T03:43:12.752307+00:00,2026-03-14T13:47:03Z,Sarse Ninna Seraga Sarse Kannada Song  | KD | Nora Fatehi | Dhruva Sarja | Prems | AJ | KVN,Sarse Ninna Seraga Sarse Kannada Song  | KD | Nora Fatehi | Dhruva Sarja | Prems | AJ | KVN,Anand Audio,UCLtCejNl8eAg4PO_9lf2TIg,24,Entertainment,"kannada, Dhruva Sarja, Prem's, Arjun Janya, KVN Productions, Kd Movie Song, Kd movie, KD, Kd kannada Movie songs, javed ali songs, kannada new songs, KD THE DEVIL film songs, Arjun Janya new songs, kd hindi, KD movie kannada, kannada latest songs, nora fatehi new song, nora fatehi dance, nora fatehi songs, kd new songs, kannada aishwarya rangarajan new songs, telugu new songs, latest songs kannada, 2026 songs kannada, Sarse Ninna Seraga Sarse, sarse sarse song",26,https://i.ytimg.com/vi/h0X_h3y96n4/hqdefault.jpg,en,kn,False,235,PT3M55S,hd,False,True,False,False,2108315,31299,1738
MLU5ZEp9YDo,IN,2026-03-16T03:43:12.752349+00:00,2026-03-14T13:00:20Z,Ustaad Bhagat Singh Trailer | Pawan Kalyan | Harish Shankar | Sreeleela | Raashii Khanna,Ustaad Bhagat Singh Trailer | Pawan Kalyan | Harish Shankar | Sreeleela | Raashii Khanna,Mythri Movie Makers,UCKZSn5C-RzrLjuWJF8wWiDw,24,Entertainment,"Ustaad Bhagat Singh Trailer, Ustaad Bhagat Singh, Pawan Kalyan, Sreeleela, Harish Shankar, DSP, Devi Sri Prasad, Raashii Khanna, Thaman S, Mythri Movie Makers, Ustaad Bhagat Singh Movie Showreel, Ustaad Bhagat Singh Telugu Movie Showreel, Pawan Kalyan Ustaad Bhagat Singh, Ustaad Bhagat Singh Teaser, Pawan Kalyan Latest Movies, Latest Telugu Movies 2026, 2026 Latest Telugu Movies, Naveen Yerneni, Dekhlenge Saala, UBS Trailer, Ustaad Trailer",21,https://i.ytimg.com/vi/MLU5ZEp9YDo/hqdefault.jpg,en-GB,te,False,134,PT2M14S,hd,True,True,False,False,13176292,487746,11563
kqAsKWeBMtE,IN,2026-03-16T03:43:12.752371+00:00,2026-03-15T15:18:11Z,[Hindi] BGIS 2026 | SEMI FINALS | Day 4 #BGMILIVE #BGIS,[Hindi] BGIS 2026 | SEMI FINALS | Day 4 #BGMILIVE #BGIS,KRAFTON INDIA ESPORTS,UCugG6-k5QGbq_iDEPAnG4NQ,20,Gaming,"BGMI, BGIS 2026, BGMI gameplay, Krafton BGMI, BGIS QF, BGIS Road to Finals, BGIS 2026 Live, BGMILIVE, BGMI Esports, BGMI Matches, BGMI Pro Gameplay, KIE, BGIS 2026 Update, BGIS SEMI FINALS, BGIS 2026 SEMI FINALS, BGIS Semi Finals Live, BGIS Tournament, BGIS Esports, BGMI LIVE, BGMI Tournament, BGMI Competitive, BGMI India, BGMI Esports India, BGMI Live Stream, Krafton India Esports, BGIS 2026 Live Stream",26,https://i.ytimg.com/vi/kqAsKWeBMtE/hqdefault.jpg,en,hi,False,22515,PT6H15M15S,hd,False,False,False,False,3649935,104325,306
55KzMQB6b18,IN,2026-03-16T03:43:12.752382+00:00,2026-03-14T14:30:06Z,Aadu 3 Video Song | Sulthaan | Shaan Rahman | Midhun Manuel Thomas |Vijay Babu & Venu Kunnappilly,Aadu 3 Video Song | Sulthaan | Shaan Rahman | Midhun Manuel Thomas |Vijay Babu & Venu Kunnappilly,Friday Music Company,UCPe9lMwPO86En1jDMdbZaCA,10,Music,"aadu 3, vedhika, jayasurya, shaan rahman dance song, vedhika dance song, vinayakan, dance song, aadu 3 item song, aadu 3 songs, item song, aadu jeevitham song, aadu 2 song, aadu 2 new song, changathi song aadu 2, aadu 2 video song, aadu 2 movie songs, aadu 2 video songs, aadu 3 launching, aadu 3 interview, changaathi nannaayaal song aadu 2, aadu 3 teaser, aadu 3 location, aadu 3 bgm, aadu 3 latest news, aadu 3 cast, aadu 3 scens",26,https://i.ytimg.com/vi/55KzMQB6b18/hqdefault.jpg,en,ml,False,274,PT4M34S,hd,False,True,False,False,1713146,67657,3493
D6sCbIv4N7Y,IN,2026-03-16T03:43:12.752391+00:00,2026-03-12T05:41:02Z,"Bhooth Bangla -Official Teaser | Akshay Kumar, Tabu, Paresh, Wamiqa, Priyadarshan |In Cinemas 10 Apr","Bhooth Bangla -Official Teaser | Akshay Kumar, Tabu, Paresh, Wamiqa, Priyadarshan |In Cinemas 10 Apr",Balaji Motion Pictures,UCSHLoG-bXj1aVA2T5y8t84A,1,Film & Animation,"Bhooth Bangla, bhooth bangla, bhooth bangla trailer, bhoot bangla trailer, bhooth bangla teaser, bhoot bangla teaser, bhooth bangla song, bhooth bangla movie trailer, bhooth bangla movie teaser, bhoot bangla teaser official, bhoot bangla akshay kumar, akshay kumar, tabu, paresh rawal, wamiqa gabbi, akshay kumar new movie, priyadarshan movie, akshay kumar comedy",18,https://i.ytimg.com/vi/D6sCbIv4N7Y/hqdefault.jpg,en-IN,hi,False,84,PT1M24S,hd,True,True,False,False,19966766,283354,13210
kJrUrelLRB0,IN,2026-03-16T03:43:12.752399+00:00,2026-03-15T03:20:31Z,TOTAL GAMING AJJUBHAI EXPOSED 🤡 DESI GAMERS REPLY 💔,TOTAL GAMING AJJUBHAI EXPOSED 🤡 DESI GAMERS REPLY 💔,Desi Gamers,UCuApqv2tNQ73S7gcfrfCSDw,20,Gaming,"Free Fire, desi gamers, free fire india, garena free fire, free fire live, desi gamers new video, amit bhai, desi army, amitbhai new video, challenge videos free fire, amit shrama, free fire challenges, TOTAL GAMING, total gaming, total gaming exposed, ajjubhai roast, ajjubhai exposed, total gaming roast, total gaming prank, ajjubhai amitbhai prank, desi gamers prank",21,https://i.ytimg.com/vi/kJrUrelLRB0/hqdefault.jpg,en,en-GB,False,791,PT13M11S,hd,False,True,False,False,1028881,145391,51399
dESIGVxSSCE,IN,2026-03-16T03:43:12.752407+00:00,2026-03-12T06:42:17Z,"Dhurandhar The Revenge - AARI AARI | Ranveer Singh | Shashwat Sachdev, Bombay Rockers | Aditya Dhar","Dhurandhar The Revenge - AARI AARI | Ranveer Singh | Shashwat Sachdev, Bombay Rockers | Aditya Dhar",T-Series,UCq-Fj5jknLsUf-MWSy4_brA,10,Music,"tseries, tseries songs, dhurandhar the revenge aari aari, dhurandhar 2 aari aari song, dhurandhar 2 new song, ranveer singh new song, aari aari full song, dhurandhar 2 movie, dhurandhar 2 trailer, aari aari song dhurandhar 2, dhurandhar 2 aditya dhar, dhurandhar song reaction, dhurandhar 2 aari aari full song, dhurandhar 2 trailer song, aari aari ranveer singh, dhurandhar 2 full movie, dhurandhar songs, aari aari bombay rockers, dhurandhar 2 song, aari aari, aari aari lyrics",21,https://i.ytimg.com/vi/dESIGVxSSCE/hqdefault.jpg,en,hi,False,164,PT2M44S,hd,False,True,False,False,20766113,415759,11251
Exukk6JO9i0,IN,2026-03-16T03:43:12.752415+00:00,2026-03-13T02:00:00Z,BTS (방탄소년단) '아리랑 (ARIRANG)' Animation Trailer: What is your love song?,BTS (방탄소년단) '아리랑 (ARIRANG)' Animation Trailer: What is your love song?,BANGTANTV,UCLkAepWjdylmXSltofFvsYQ,10,Music,"방탄소년단, BTS, BANGTAN, 알엠, RM, 슈가, SUGA, 제이홉, jhope, 지민, 정국, k-pop, 방탄, j-hope, Jung Kook, Jimin, BTS V, Jin",18,https://i.ytimg.com/vi/Exukk6JO9i0/hqdefault.jpg,ko,ko,False,64,PT1M4S,hd,False,True,False,False,3653739,723880,40626
1txG4mULNyE,IN,2026-03-16T03:43:12.752423+00:00,2026-03-15T08:17:07Z,Minecraft But Every Second Our Legs Grow..,Minecraft But Every Second Our Legs Grow..,Carry Depie,UClqifC6Nd7v-IfTqce4k62A,20,Gaming,"carry depie, minecraft",2,https://i.ytimg.com/vi/1txG4mULNyE/hqdefault.jpg,en,hi,False,961,PT16M1S,hd,False,True,False,False,698751,9176,548
QQNEKWOMtBs,IN,2026-03-16T03:43:12.752431+00:00,2026-03-15T01:30:21Z,बारात है राजा के (4K) Aashish Yadav New Song | Srishti Bharti | Barat Hai Raja Ke | Magahi Song 2026,बारात है राजा के (4K) Aashish Yadav New Song | Srishti Bharti | Barat Hai Raja Ke | Magahi Song 2026,Wave Music,UC22nIfOTM7KLIQuFGMKzQbg,10,Music,"Barat Hai Raja Ke, Aashish Yadav New Song, Aashish Yadav New Magahi Song 2026, Srishti Bharti New Song, Barat Hai Raja Ke Video, Magahi Song 2026, New Magahi Song, Aashish Yadav Srishti Bharti Song, Latest Magahi Song, बारात है राजा के, आशीष यादव नया गाना, ashish yadav new song, ashish yadav new song 2025, ashish yadav new song dj, ashish yadav new song 2026, ashish yadav new song rangdari, new song ashish yadav, aashish yadav new song, rupya chhape ke masin ha bap dada ke",19,https://i.ytimg.com/vi/QQNEKWOMtBs/hqdefault.jpg,hi,hi,False,231,PT3M51S,hd,False,True,False,False,274005,20912,1334
6QhTM9QuP_Y,IN,2026-03-16T03:43:12.752439+00:00,2026-03-13T12:30:09Z,#HotstarSpecials Muthu Engira #Kaattaan streaming from March 27 only on  #Jiohotstar | Trailer,#HotstarSpecials Muthu Engira #Kaattaan streaming from March 27 only on  #Jiohotstar | Trailer,JioHotstar Tamil,UC8lPjTzRiG37n1Q2kpz3Rfg,1,Film & Animation,,0,https://i.ytimg.com/vi/6QhTM9QuP_Y/hqdefault.jpg,ta,en-IN,False,120,PT2M,hd,True,False,False,False,2025298,7628,388
vJZogom0F5s,IN,2026-03-16T03:43:12.752447+00:00,2026-03-15T18:59:14Z,🔴[Live Free Fire New Rank Season Rank Push Live !!,🔴[Live Free Fire New Rank Season Rank Push Live !!,VISHNU RAJPUT GAMING,UCh_ilHTu7pYJ11_XKlT_9sA,20,Gaming,,0,https://i.ytimg.com/vi/vJZogom0F5s/hqdefault.jpg,en,hi,False,42901,PT11H55M1S,hd,False,True,False,False,1304948,20532,14
in-VYGclxQw,IN,2026-03-16T03:43:12.752454+00:00,2026-03-12T11:30:19Z,Collar Ey Etthara - Lyric Video | Ustaad Bhagat Singh | Pawan Kalyan |Harish Shankar|Devi Sri Prasad,Collar Ey Etthara - Lyric Video | Ustaad Bhagat Singh | Pawan Kalyan |Harish Shankar|Devi Sri Prasad,Sony Music South,UCn4rEMqKtwBQ6-oEwbd4PcA,10,Music,"Sony Music South, Sony Music, Latest Song, Tamil song, Tamil Latest Song, Latest songs in Tamil4, Songs in Tamil, Latest Tamil Movies, Tamil Movie Songs, Latest Video Songs Tamil, latest Tamil Love Songs, Latest Tamil Hit Songs, Songs in Telugu4, Telugu Movie Songs, Video Songs Telugu, new Telugu Songs",16,https://i.ytimg.com/vi/in-VYGclxQw/hqdefault.jpg,en-GB,ta,False,261,PT4M21S,hd,False,True,False,False,7377567,307253,3584
gictwC-KlTk,IN,2026-03-16T03:43:12.752462+00:00,2026-03-15T17:00:55Z,NEVER FIGHT ALONE // Miks Agent Trailer - VALORANT,NEVER FIGHT ALONE // Miks Agent Trailer - VALORANT,VALORANT,UC8CX0LD98EDXl4UYX1MDCXg,20,Gaming,"Miks, Miks Agent, Croatia, Croatian, Controller, VALORANT trailer, S26, Season 2026, VALORANT, VALORANT game, valorant act 2, VALORANT act II, fps, shooters, tactical FPS, launch, VALORANT agent, AGENT, agent, Reyna, Sage, Gekko, Wingman, Bunt, bunt., Bunt., Clarity, Zedd Clarity, Zedd, Clarity Remix",30,https://i.ytimg.com/vi/gictwC-KlTk/hqdefault.jpg,en,en-US,False,180,PT3M,hd,True,True,False,False,551210,42495,2025
Dg0MUJIRbrE,IN,2026-03-16T03:43:12.752469+00:00,2026-03-15T04:00:00Z,I’M QUITTING FREE FIRE LAST SOLO VS SQUAD GAMEPLAY | GARENA FREE FIRE,I’M QUITTING FREE FIRE LAST SOLO VS SQUAD GAMEPLAY | GARENA FREE FIRE,Total Gaming,UC5c9VlYTSvBSCaoMu_GI6gQ,20,Gaming,"free fire, garena free fire, total gaming, solo vs squad",4,https://i.ytimg.com/vi/Dg0MUJIRbrE/hqdefault.jpg,en,hi,False,1007,PT16M47S,hd,False,True,False,False,833448,116123,9630
aTD4Jgculqw,IN,2026-03-16T03:43:12.752476+00:00,2026-03-13T00:45:00Z,#Video | जेल यात्रा | #Jail Star Raushan Rohi | Jail Yatra | New #Maghi Rangdari Song 2026,#Video | जेल यात्रा | #Jail Star Raushan Rohi | Jail Yatra | New #Maghi Rangdari Song 2026,Raushan Rohi - Junction ,UCB9pY5_pKSBHZHke-uxyMcg,10,Music,"Raushan Rohi, jail yatra song, jail yatra raushan rohi, jail yatra, Maghi Rangdari Song 2026, raushan rohi jail yatra song, raushan rohi new song, raushan rohi ke gana, raushan rohi maghi song, raushan rohi rangdari song, raushan rohi new gana, rangdari ke kamai, raushan rohi rangdari gana, raushan rohi new rangdari song, raushan rohi maghi rangdari song, raushan rohi new rangdari gana, raushan rohi ke naya gana, raushan rohi entertainment, maghi new rangdari song",19,https://i.ytimg.com/vi/aTD4Jgculqw/hqdefault.jpg,en,hi,False,163,PT2M43S,hd,False,True,False,False,418128,5017,75
3wTDEpsZb_c,IN,2026-03-16T03:43:12.752484+00:00,2026-03-13T00:30:07Z,SWARG SE PYARA GHAR HAMARA - OFFICIAL TRAILER #Aamrapali Dubey #Anshuman.S #Shradha .N #Prakash J,SWARG SE PYARA GHAR HAMARA - OFFICIAL TRAILER #Aamrapali Dubey #Anshuman.S #Shradha .N #Prakash J,Worldwide Records Bhojpuri,UCbomPUMyPHCgrqD5iYnzj1A,10,Music,"WARG SE PYARA GHAR HAMARA, Aamrapali Dubey, Bhojpuri Drama, Bhojpuri Drama Film, Bhojpuri Emotional Movie, Bhojpuri Family Drama, Bhojpuri Industry, Anshuman Singh, OFFICIAL TRAILER, Bhojpuri new Movie, Bhojpuri social message, bhojpuri latest movie, bhojpuri song, new movie, latest movie, bhojpuri cinema, latest bhojpuri film, love story, action movie, nai film, LATEST BHOJPURI SONG, bhojpuri love song, bhojpuri pyar ke geet, Shradha Naval, Prakash Jais",25,https://i.ytimg.com/vi/3wTDEpsZb_c/hqdefault.jpg,en,bh,False,260,PT4M20S,hd,False,True,False,False,491342,4961,40
JR0o8emK98I,IN,2026-03-16T03:43:12.752491+00:00,2026-03-15T13:47:29Z,I Started a McDonald's Restaurant in Minecraft!,I Started a McDonald's Restaurant in Minecraft!,ProBoiz 95,UCSncGB_s0tuWN-4l-58mmvQ,20,Gaming,"minecraft, minecraft restaurant, i opened restaurant in minecraft, mcdonald minecraft, i opened mcdonald in minecraft, i opened a business in minecraft, minecraft business, i started a company in minecraft, proboiz, proboiz 95",10,https://i.ytimg.com/vi/JR0o8emK98I/hqdefault.jpg,en,en-IN,False,1485,PT24M45S,hd,False,True,False,False,603480,23787,3326
_6NkHzf4zfM,IN,2026-03-16T03:43:12.752499+00:00,2026-03-13T14:39:50Z,Loveah Sollitalea Music Video | Ken Karunaas | GV Prakash | Youth,Loveah Sollitalea Music Video | Ken Karunaas | GV Prakash | Youth,G.V. Prakash Kumar,UCLnKZRT9orZAgttWtS2np2g,10,Music,,0,https://i.ytimg.com/vi/_6NkHzf4zfM/hqdefault.jpg,en,en,False,181,PT3M1S,hd,False,True,False,False,1413352,23197,399
T5zPtARN1WE,IN,2026-03-16T03:43:12.752505+00:00,2026-03-14T13:50:32Z,Ustaad Bhagat Singh Trailer | Pawan Kalyan | Ustaad Bhagat Singh Trailer Reaction And Review | UBS,Ustaad Bhagat Singh Trailer | Pawan Kalyan | Ustaad Bhagat Singh Trailer Reaction And Review | UBS,Ra One For You,UCBX4kRmQZwmiijn5gUFbTWA,24,Entertainment,"ustaad bhagat singh trailer, ustaad bhagat singh movie trailer, ustaad bhagat singh new trailer 2025, ustaad bhagat singh theatrical trailer, pawan kalyan ustaad bhagat singh trailer, pawan kalyan ustaad bhagat singh movie trailer, ustaad bhagat singh songs, ustaad bhagat singh, ustaad bhagat singh teaser, ustaad bhagat singh movie songs, aura of ustaad bhagat singh, ustaad bhagat singh poster, ustaad bhagat singh ott rights, ustaad",1,https://i.ytimg.com/vi/T5zPtARN1WE/hqdefault.jpg,en,en,False,518,PT8M38S,hd,False,True,False,False,73876,3199,431
DkozalwDoyw,IN,2026-03-16T03:43:12.752513+00:00,2026-03-15T05:00:23Z,MY GAMING CONSOLE COLLECTION,MY GAMING CONSOLE COLLECTION,TechShot,UCs6EmLAT4lTWwCSJRgbbchQ,28,Science & Technology,"new, gaming, gadget, console, toy, gaming setup, expensive, collection, ayaneo, nintendo, xbox, playstation, ujjwal, techno gamerz",14,https://i.ytimg.com/vi/DkozalwDoyw/hqdefault.jpg,en,hi,False,1338,PT22M18S,hd,False,True,False,False,1005243,40972,3802
95iKmLg1VSo,IN,2026-03-16T03:43:12.752520+00:00,2026-03-15T11:05:26Z,ಮಹಾರಾಣಿ ನನ್ನ ಮಹಾರಾಣಿ | Maharani Nanna Maharani | Balu Belagundi Singer |Janapada Song,ಮಹಾರಾಣಿ ನನ್ನ ಮಹಾರಾಣಿ | Maharani Nanna Maharani | Balu Belagundi Singer |Janapada Song,Balu Belagundi Singer,UCn16w8_6jziKX4FUNOsqYoQ,10,Music,"Balu Belagundi Singer, balu belagundi, Janapada Song, Balu Belagundi new song, maharani song",5,https://i.ytimg.com/vi/95iKmLg1VSo/hqdefault.jpg,en-IN,en-GB,False,427,PT7M7S,hd,False,True,False,False,113067,13436,567
dvQgE-8noLs,IN,2026-03-16T03:43:12.752527+00:00,2026-03-13T07:30:09Z,"Main Vaapas Aaunga | Official Teaser | Imtiaz Ali, A. R. Rahman, Diljit, Vedang, Sharvari, Naseer","Main Vaapas Aaunga | Official Teaser | Imtiaz Ali, A. R. Rahman, Diljit, Vedang, Sharvari, Naseer",Applause Entertainment,UCcO8c5xCPYHQtst3X56ufsQ,24,Entertainment,"movie scenes hindi, Main Vaapas Aaunga teaser, Imtiaz Ali new movie, Diljit Dosanjh new movie, AR Rahman movie music, Bollywood upcoming movie, Bollywood love story, cinema lovers India, movies for cinephiles, Imtiaz Ali upcoming movie, Tamasha Imtiaz Ali, Rockstar Imtiaz Ali, Love Aaj Kal Imtiaz Ali, Chamkila movie, 2026 theater release, Sharvari Bollywood movie, Vedang 2026 movie, Naseeruddin new movie, Diljit & Imtiaz Ali new movie, Cinephile movies, Applause new movie",21,https://i.ytimg.com/vi/dvQgE-8noLs/hqdefault.jpg,en,en,False,74,PT1M14S,hd,True,True,False,False,4822483,19246,795
636wzaAxXAI,IN,2026-03-16T03:43:12.752535+00:00,2026-03-16T01:11:49Z,अंतिम प्रहार 🚩 16th March HISTORY PAPER 2026 🔥 LAST MOMENT REVISION | History imp questions 2026 ssc,अंतिम प्रहार 🚩 16th March HISTORY PAPER 2026 🔥 LAST MOMENT REVISION | History imp questions 2026 ssc,PW Maharashtra 9&10,UCG3EvCF6dD2Hc-HddZrt2fQ,27,Education,"ssc mh board sst class 10, class 10 history civics important questions, maharashtra board sst 2026 preparation, class 10 history civics board exam preparation, ssc mh board history civics expected questions, ssc board history civics important topics, class 10 history civics quick revision, ssc mh board sst exam tips, ssc sst final revision class 10, class 10 history civics board exam tips, maharashtra board class 10 sst preparation",11,https://i.ytimg.com/vi/636wzaAxXAI/hqdefault.jpg,mr,mr,False,7287,PT2H1M27S,hd,False,True,False,False,125784,15916,146
_rk8opPEPAM,IN,2026-03-16T03:43:12.752543+00:00,2026-03-13T02:28:57Z,Nas Nas Kyu Dukhe पिया मेरी नस नस के हो दुखे || Anjali Raghav & Karan Chaudhary !! Brajbhasha Song,Nas Nas Kyu Dukhe पिया मेरी नस नस के हो दुखे || Anjali Raghav & Karan Chaudhary !! Brajbhasha Song,Sukoon Music,UCdFmbFQ2kw2s3szozW0NjAA,22,People & Blogs,,0,https://i.ytimg.com/vi/_rk8opPEPAM/hqdefault.jpg,en,hi,False,499,PT8M19S,hd,False,True,False,False,563572,1557,35
mCxwmNkXGDI,IN,2026-03-16T03:43:12.752550+00:00,2026-03-14T05:37:06Z,"Mantra Muugdha | Official Teaser | Anupam Patnaik|Sanoj,Manmay, Sarthak,Bhoomika,Suryamayee,Dipanwit","Mantra Muugdha | Official Teaser | Anupam Patnaik|Sanoj,Manmay, Sarthak,Bhoomika,Suryamayee,Dipanwit",Tarang Music,UCcg5_O9TsTLMUbvK6K4Shdg,1,Film & Animation,"Mantra Muugdha, Mantra Muugdha Odia Movie, Mantra Muugdha Official Teaser, Anupam Patnaik Movies, Sanoj Kumar Odia Actor, Suryamayee Mohapatra New Movie, Bhoomika Dash, Odia Film Teaser, Mantra Muugdha Trailer, Odia Mystery Drama, Latest Odia Cinema, odia film, mantra muugdha trailer, manmay dey, manmay dey video, sanoj kumar, dipanwit dashmohapatra, sarthak bhardwaj behera",18,https://i.ytimg.com/vi/mCxwmNkXGDI/hqdefault.jpg,or,or,False,110,PT1M50S,hd,True,True,False,False,207729,10411,512
bR_4qVmE5pA,IN,2026-03-16T03:43:12.752558+00:00,2026-03-16T01:08:52Z,Itihas & Rajyashastra Class 10 Paper Le*k Session | Class 10 SST Paper Le*k MH Board 2026| Suyog Sir,Itihas & Rajyashastra Class 10 Paper Le*k Session | Class 10 SST Paper Le*k MH Board 2026| Suyog Sir,Vedantu Maharashtra 9 & 10,UCtFJiTH4GCYY2IXs39udoUg,27,Education,"itihas rajyashastra class 10, class 10 mh board 2026, class 10 history political science paper leak, history rajyashastra paper leak class 10, class 10 sst paper leak 2026, mh board 2026 itihas paper prediction, class 10 rajyashastra paper leak, itihas rajyashastra question prediction, class 10 history political science prediction, mh board history political science paper leak, mh board sst exam preparation, rajyashastra class 10 exam tips, class 10 itihas revision tips, sc",14,https://i.ytimg.com/vi/bR_4qVmE5pA/hqdefault.jpg,en-IN,mr,False,8788,PT2H26M28S,hd,False,False,False,False,111523,10085,395
RiMpllYIcDM,IN,2026-03-16T03:43:12.752566+00:00,2026-03-13T01:30:25Z,Video | पिया हो लाय दा ना टॉनिकबा | #Saurabh Sugam Yadav & Srishti Bharti का सुपरहिट गाना | New Song,Video | पिया हो लाय दा ना टॉनिकबा | #Saurabh Sugam Yadav & Srishti Bharti का सुपरहिट गाना | New Song,Saurabh Sugam Official ,UCC4xoguye_JqNgQ3-g99c8g,10,Music,"पिया हो लाय दा ना टॉनिकबा, Piya Ho Lay Da Na Tonicba, piya ho lay da na tonicba new gana, piya ho lay da na tonicba maghi geet, piya ho lay da na tonicba song 2026, piya ho lay da na tonicba hit gana, piya ho lay da na tonicba balast geet, saurabh sugam yadav, saurabh sugam yadav 2025, saurabh sugam yadav new, saurabh sugam yadav new song, saurabh sugam new song, saurav sugam new song, saurav sugam ka song, srishti bharti, srishti bharti song, srishti bharti new song, new song",18,https://i.ytimg.com/vi/RiMpllYIcDM/hqdefault.jpg,bh,bh,False,184,PT3M4S,hd,False,True,False,False,485831,14033,215
pYEN3TuCVto,IN,2026-03-16T03:43:12.752574+00:00,2026-03-15T04:00:53Z,"Spiderman Brand New Day Trailer, One Piece is Here, Doomsday, Gollum Movie | Nerdy News 407","Spiderman Brand New Day Trailer, One Piece is Here, Doomsday, Gollum Movie | Nerdy News 407",DesiNerd,UCstnglENMRhOF17cD6iH6kA,24,Entertainment,"desi nerd, desinerd videos, deignerd, desi nerd new videos",4,https://i.ytimg.com/vi/pYEN3TuCVto/hqdefault.jpg,en,hi,False,497,PT8M17S,hd,False,True,False,False,106463,6287,139
lLSUYtJ4g4M,IN,2026-03-16T03:43:12.752581+00:00,2026-03-15T21:38:32Z,PER CHICKEN 5000 CHALLENGE | 50 CHICKEN STREAK? | BGMI LIVE @LoLzZzGaming,PER CHICKEN 5000 CHALLENGE | 50 CHICKEN STREAK? | BGMI LIVE @LoLzZzGaming,LoLzZz Gaming,UCI1vyXBgX3bruwvChLMNxjQ,20,Gaming,BGMI,1,https://i.ytimg.com/vi/lLSUYtJ4g4M/hqdefault.jpg,en-GB,hi,False,21464,PT5H57M44S,hd,False,True,False,False,373941,23742,35
rE6JF5PB8Fk,IN,2026-03-16T03:43:12.752588+00:00,2026-02-17T01:30:56Z,धुआं धुआं करबो शहर | Dhuan Dhuan Karbo Shahar | Parmanand Premi | Maithili Sad Song 2026,धुआं धुआं करबो शहर | Dhuan Dhuan Karbo Shahar | Parmanand Premi | Maithili Sad Song 2026,Parmanand Premi Yadav Official,UCmHFOiqWmA7AkYsgHTn4AmQ,10,Music,"Dhuan Dhuan Karbo Shahar, Heart Touching Maithili Song, Maithili Bewafa Song, Maithili Broken Heart Song, Maithili Dard Bhara Gana, Maithili Emotional Song, Maithili Gana 2026, Maithili Hit Song, Maithili Love Sad Song, Maithili Sad Song 2026, Maithili Sad Status Song, Maithili Sad Video Song, Maithili Viral Song, New Maithili Song 2026, Parmanand Premi, Parmanand Premi New Song, Sad Song Viral, Trending Maithili Song, Viral Maithili Gana, maithili song, धुआं धुआं करबो शहर",21,https://i.ytimg.com/vi/rE6JF5PB8Fk/hqdefault.jpg,en,en-US,False,165,PT2M45S,hd,False,False,False,False,137727,636,24
2LQyPAe2WYg,IN,2026-03-16T03:43:12.752596+00:00,2026-03-13T02:30:03Z,AMBE HAI MERI MAA OFFICIAL TRAILER I अम्बे है मेरी माँ AKSHARA SINGH I PAKHI HEDGE- BHOJPURI MOVIE,AMBE HAI MERI MAA OFFICIAL TRAILER I अम्बे है मेरी माँ AKSHARA SINGH I PAKHI HEDGE- BHOJPURI MOVIE,B4U Bhojpuri,UCIobY5Y-ly9Bo458yjy36OQ,1,Film & Animation,"ambe hai meri maa, ambe maa, ambe maa trailer, ambe maa bhojpuri movie, bhojpuri trailer, ambe hai meri maa bhojpuri movie, ambe hai meri maa movie, bhojpuri new trailer, bhojpuri new trailer 2026, akshara singh, pakhi hegde, pakhi hegde movie, bhojpuri, new bhojpuri movie, bhojpuri new movie",15,https://i.ytimg.com/vi/2LQyPAe2WYg/hqdefault.jpg,en,bh,False,293,PT4M53S,hd,False,True,False,False,321352,3864,112
fnHtZ-Vqpkg,IN,2026-03-16T03:43:12.752603+00:00,2026-03-14T12:24:09Z,"Last to Leave the Circle Will Win $99,999,999..","Last to Leave the Circle Will Win $99,999,999..",Karry Kraft,UCW3Ms3ZxVaZUniP-HifWCDg,20,Gaming,"carry depie, minecraft",2,https://i.ytimg.com/vi/fnHtZ-Vqpkg/hqdefault.jpg,en,en-IN,False,739,PT12M19S,hd,False,True,False,False,771513,12632,483
R3YSOXYGRs0,IN,2026-03-16T03:43:12.752610+00:00,2026-03-12T07:30:06Z,Majhi Baay | Majhi Baay Go 2.0 | Nick Shinde | Shraddha Pawar | Ayush S | Keval | Sonali | Prashant,Majhi Baay | Majhi Baay Go 2.0 | Nick Shinde | Shraddha Pawar | Ayush S | Keval | Sonali | Prashant,Prashant Nakti Official,UC1g2tyrcHzJo_KuqdEi-EYg,10,Music,"mazi bay go 2, majhi baay go 2.0, nick shinde new song, majhi baay go, majhi bay go 2.0, prashant nakti official, marathi song new, new marathi song, marathi new song, majhi bay, majhi baay, marathi song, majhi bayko, majhi bay go, nick shinde, new song marathi, prashant nakti, sonali sonawane, shraddha pawar new song, mazi bay go 2.0 song, mazi baay, माझी बाय, mazi bay, maji baygo, new marathi song 2026, sonali sonawane song, nick shinde song, majhi baygo 2.0, songs",29,https://i.ytimg.com/vi/R3YSOXYGRs0/hqdefault.jpg,en,mr,False,223,PT3M43S,hd,False,True,False,False,1570166,40053,1073
ylDM3Vcgx7g,IN,2026-03-16T03:43:12.752619+00:00,2026-03-15T11:40:01Z,Ustaad Bhagat Singh Theatrical Trailer | Pawan Kalyan || Harish Shankar | DSP #ustaadbhagatsingh,Ustaad Bhagat Singh Theatrical Trailer | Pawan Kalyan || Harish Shankar | DSP #ustaadbhagatsingh,Cinema Matters,UC41whkzwq0NpbjIzgcvcl8A,24,Entertainment,"pawan kalyan ustaad bhagat singh trailer, pawan kalyan ustaad bhagat singh movie trailer, ustaad bhagat singh theatrical trailer, ustaad bhagat singh pawan kalyan teaser, pawan kalyan ustaad bhagat singh, pawan kalyan ustaad bhagat singh look, pawan kalyan ustaad bhagat singh movie",7,https://i.ytimg.com/vi/ylDM3Vcgx7g/hqdefault.jpg,en,te,False,144,PT2M24S,hd,False,True,False,False,19540,372,0
Xl5yIJw0xUc,IN,2026-03-16T03:43:12.752626+00:00,2026-03-15T14:53:54Z,I GOT KICKED FROM LILYVILLE 😱| Lilyville Day 89,I GOT KICKED FROM LILYVILLE 😱| Lilyville Day 89,GamerFleet,UCWxcAUWjF3B_S6fFLqOh7Rw,20,Gaming,"minecraft, minecraft in hindi, minecraft gameplay, minecraft videos, live insaan, techno gamerz, GamerFleet, mine craft, live stream, minecraft live, minecraft india, latest minecraft, minecraft live stream, minecraft pro, carryminati, IndiaSMP, youtubers, Herobrine SMP, Herobrine smp Ujjwal, Ujjwal Gamer, Main Stream, SMP live, Fleet SMP Live, jack, lilyville smp, join lilyville, join smp, PVP god, NEW MEMBER, hackers, the end, pvp war, biggest escape, Mastermind, new, king, vs",37,https://i.ytimg.com/vi/Xl5yIJw0xUc/hqdefault.jpg,hi,hi,False,7185,PT1H59M45S,hd,False,True,False,False,641094,80237,3521
HpVpUMqTHF8,IN,2026-03-16T03:43:12.752634+00:00,2026-03-13T21:30:08Z,"#Video - चोली के समान - #Ashish Yadav, Khushi Kakkar का आ गया लगन का सबसे ब्लास्ट - #New Magahi Song","#Video - चोली के समान - #Ashish Yadav, Khushi Kakkar का आ गया लगन का सबसे ब्लास्ट - #New Magahi Song",Ariket record,UC6wUqZP3ucRQlO2zy1WlINA,10,Music,Ariket record,1,https://i.ytimg.com/vi/HpVpUMqTHF8/hqdefault.jpg,en-IN,bh,False,543,PT9M3S,hd,False,True,False,False,50959,523,11
NHk7scrb_9I,IN,2026-03-16T03:43:12.752641+00:00,2026-03-07T05:31:00Z,Dhurandhar The Revenge Official Hindi Trailer | Ranveer S | Aditya D | In Cinemas 19 March 2026,Dhurandhar The Revenge Official Hindi Trailer | Ranveer S | Aditya D | In Cinemas 19 March 2026,JioStudios,UCcXQd6kHKm0b41x8zMVMmMg,24,Entertainment,"Jio Studios, Jio Cinema, Jio Saavn, Jio TV, Dhurandhar, Aditya Dhar, Ranveer Singh, Sanjay Dutt, Akshaye Khanna, R. Madhavan, Arjun Rampal, Sara Arjun, Shashwat Sachdev, Revenge, Hindi Film Trailer, Hindi Film Teaser, Blockbuster Hindi Film, Dhurandhar 2 Teaser, Dhurandhar 2, Bollywood Film, T-Series, Dhurandhar The Revenge, March 19, Dhurandhar Trailer, Dhurandhar 2 Trailer, Dhurandhar The Revenge Trailer, Bollywood Trailer, Movie Trailer, Popular Movie Trailer",29,https://i.ytimg.com/vi/NHk7scrb_9I/hqdefault.jpg,en,en,False,206,PT3M26S,hd,True,False,False,False,55159092,1149156,58124
778ZZ5dXSZI,IN,2026-03-16T03:43:12.752649+00:00,2026-03-15T04:40:24Z,Horror Trip by Bus on Mountain Roads Loaded with Passengers Over Capacity | Euro Truck Simulator 2,Horror Trip by Bus on Mountain Roads Loaded with Passengers Over Capacity | Euro Truck Simulator 2,Goskuyo,UCkEloptl6blIzi8a--vaksg,20,Gaming,"euro truck simulator 2, ets2, truck simulator, euro truck simulator 2 live, ets2 live, trucking, truck driver, euro truck simulator 2 multiplayer, euro truck simulator 2 gameplay, euro truck simulator, ets2 convoy live, truckersmp live, simulator gaming, trucking simulator, multiplayer gaming, truck driving, european trucking, virtual trucking, simulation game, driving simulator, trucking game, live stream gaming, truck life, trucking community, realistic simulator",25,https://i.ytimg.com/vi/778ZZ5dXSZI/hqdefault.jpg,en,en,False,42896,PT11H54M56S,hd,False,True,False,False,2980054,6430,2
Y1UT4sNR4O0,IN,2026-03-16T03:43:12.752656+00:00,2026-03-12T08:04:32Z,मकईया में राजा जी | #Pawan Singh | Makaiya Me Raja Ji | Monalisa Bhojpuri Song | Darar Bhojpuri Song,मकईया में राजा जी | #Pawan Singh | Makaiya Me Raja Ji | Monalisa Bhojpuri Song | Darar Bhojpuri Song,Trending Bhojpuri,UCXXova4mk5bCErC-BEjzwEQ,10,Music,"Darar, Makaiya Me Raja Ji, Pawan Singh, Khushbu Jain, makaiya me raja ji pawan singh, pawan singh makaiya me raja ji, makaiya me raja ji, makaiya me raja ji gana, makaiya me raja ji song, makaiya me raja ji new song, makaiya me raja ji dj, dj makaiya me raja ji, #makaiya me raja ji, makaiya me raja ji dance, makaiya me raja ji ringtone, चलो makaiya me raja ji, makaiya me raja ji dj song, makaiya me raja ji dj gana, makaiya me raja ji lofi, makaiya me raja ji full song",20,https://i.ytimg.com/vi/Y1UT4sNR4O0/hqdefault.jpg,hi,bh,False,252,PT4M12S,hd,False,True,False,False,289405,822,18
Zil4RlXJkrc,IN,2026-03-16T03:43:12.752664+00:00,2026-03-12T09:57:26Z,Bhooth Bangla Teaser Review | Yogi Bolta Hai,Bhooth Bangla Teaser Review | Yogi Bolta Hai,YOGI BOLTA HAI,UCIihexFQucy1Sm7V7yvL_mA,24,Entertainment,"Bhooth Bangla, Bhooth Bangla Movie, Bhooth Bangla Teaser, Bhooth Bangla Teaser Review, Bhooth Bangla Hindi Movie, Akshay Kumar, Paresh Rawal, Rajpal Yadav, Tabu, Wamiqa Gabbi, Jisshu Sengupta, Manoj Joshi, Mithila Palkar, Asrani Ji, Rajesh Sharma, Priyadarshan, Shobha Kapoor, Ektaa Kapoor, Balaji Motion Pictures, Comedy Film, Horror Comedy, New Release, Latest Movie, Hindi Language Movie, Akshay Kumar Movie, Movie, Teaser Review, Trailer, Teaser, Review, Yogi Bolta Hai",31,https://i.ytimg.com/vi/Zil4RlXJkrc/hqdefault.jpg,en,zxx,False,182,PT3M2S,hd,False,True,False,False,518940,22442,1050
PrISVQoOv6E,IN,2026-03-16T03:43:12.752672+00:00,2026-03-15T21:32:29Z,NS vs. PRX — VALORANT Masters Santiago — Grand Final,NS vs. PRX — VALORANT Masters Santiago — Grand Final,VALORANT Champions Tour,UCA1d3HFGFUmkKr2JIUA5Vlw,20,Gaming,"valorant, vct, valorant champions tour, valorant vod, valorant gameplay, valorant montage, valorant highlights, valorant esports, valorant esports highlights, valorant pro gameplay, yt:cc=on",11,https://i.ytimg.com/vi/PrISVQoOv6E/hqdefault.jpg,en,en,False,16061,PT4H27M41S,hd,False,True,False,False,1246412,18885,106
PI4oNWbxQjM,IN,2026-03-16T03:43:12.752679+00:00,2026-03-13T07:06:40Z,Dillagi Na Kiya Karo,Dillagi Na Kiya Karo,Priya Beats - Topic,UC0d5pprf7AbnnLpcZmE1osA,10,Music,"Priya Beats, Dillagi Na Kiya Karo",2,https://i.ytimg.com/vi/PI4oNWbxQjM/hqdefault.jpg,en,hi,False,363,PT6M3S,hd,False,True,False,False,100035,284,0
0mWgD_DYJiY,IN,2026-03-16T03:43:12.752686+00:00,2026-03-11T12:06:24Z,Maamla Legal Hai Season 2 | Official Trailer | Ravi Kishan | Netflix India,Maamla Legal Hai Season 2 | Official Trailer | Ravi Kishan | Netflix India,Netflix India,UCZSNzBgFub_WWil6TOTYwAg,24,Entertainment,"Anant Joshi, Dinesh Lal Yadav, Maamla Legal Hai Season 2, Maamla Legal Hai Season 2 announcement, Maamla Legal Hai announcement, Naila Grewal, Next on Netflix, Nidhi Bisht, bassi, comedy, courtroom, courtroom drama, funny, kusha kapila, legal, maamla legal hai 2 teaser, maamla legal hai 2 trailer, maamla legal hai series, netflix recommendation, netflix series, new series, official teaser, ravi kishan, what to watch",24,https://i.ytimg.com/vi/0mWgD_DYJiY/hqdefault.jpg,en,en-US,False,153,PT2M33S,hd,True,True,False,False,16644624,24575,1311
5vOHyGFYD7A,IN,2026-03-16T03:43:12.752694+00:00,2026-03-14T13:10:23Z,DO YOU NEED HELP MR. FAT BOY | Resident Evil Requiem - Part 3,DO YOU NEED HELP MR. FAT BOY | Resident Evil Requiem - Part 3,BeastBoyShub,UCI86prlqXhbkREDMTaORvLQ,20,Gaming,"BeastBoyShub, bbs re4, resident evil 4 hindi, resident evil 4 game hindi bbs, bbs resident evil game, bbs resident evil 4 chainsaw demo, resident evil 4 chainsaw demo gameplay, re4 demo game, re4 bbs hindi, beastboyshub biohazard 4, bbs re4 part 1, resident evil requiem part 1 bbs, bbs resident evil 9, resident evil 9 indian gamer, resident evil requiem gaming, resident evil part 3 bbs",16,https://i.ytimg.com/vi/5vOHyGFYD7A/hqdefault.jpg,en,hi,False,4614,PT1H16M54S,hd,False,True,False,False,578015,52204,3401
-EUzzZ50rEc,IN,2026-03-16T03:43:12.752701+00:00,2026-03-15T01:00:06Z,"#video - Coca Cola Ladi Dukaniya Se | Ft. Ankit Jack, Ishita Singh | #Shilpi Raj | New bhojpuri Song","#video - Coca Cola Ladi Dukaniya Se | Ft. Ankit Jack, Ishita Singh | #Shilpi Raj | New bhojpuri Song",Jack Music World,UCfggeEiv_51YpbmiZ7myg4g,10,Music,"jack music world, ankit jack song, coca cola la di dokaniya se, ego koka kola ladi dokaniya se, ego coca cola ladi dukaniya se, Coca Cola Ladi Dukaniya Se, कोका कोला लादी दुकनिया से, garmi special song, viral bhojpuri song, ankit jack shilpi raj, shilpi raj, rishabh raj ankit jack, ankit jack ka video song, ankit jack comedy song, ego coca cola la di dokaniya se, Coca Cola Ladi Dukaniya Se Rishabh Raj, new song ankit jack, viral song ankit jack, ankit jack ka video, rishabh",20,https://i.ytimg.com/vi/-EUzzZ50rEc/hqdefault.jpg,bh,bh,False,217,PT3M37S,hd,False,True,False,False,137959,15275,758
t5pkwVCNfnE,IN,2026-03-16T03:43:12.752709+00:00,2026-03-14T12:30:06Z,Bhishmar Official Trailer | East Coast Vijayan | Dhyan Sreenivasan| Vishnu Unnikrishnan|Divya Pillai,Bhishmar Official Trailer | East Coast Vijayan | Dhyan Sreenivasan| Vishnu Unnikrishnan|Divya Pillai,East Coast,UC7wr_pLs8KVXkkXWZxHLR0A,10,Music,"bhishmar, eastcoastvijayan, dhyansreenivsan, vishnuunnikrishnan, malayalamfilm, Trailer, malayalam movie, new movie trailer, new malayalam movie, latest malayalam movie, divyapillai, shajusreedhar, unnilalu, malayalam movie trailer, movie trailer, movie malayalam, new movie malayalam, malayalam new trailer, bhishmar trailer, bheeshmar malayalam, bheeshmar malayalam trailer, bhishmar malayalam movie trailer, new malayalam movie trailer, bheeshmar",24,https://i.ytimg.com/vi/t5pkwVCNfnE/hqdefault.jpg,en,ml,False,118,PT1M58S,hd,True,True,False,False,995501,13623,1214
TbTRDaH1J1U,IN,2026-03-16T03:43:12.752716+00:00,2026-03-13T13:55:01Z,Nobita Opened the Biggest Waterpark 🤑,Nobita Opened the Biggest Waterpark 🤑,Tyro Gaming,UCIpN4Y3Pt00Q9KoQMWI77_Q,20,Gaming,"Nobita Opened the Biggest Waterpark 🤑, junkeyy, Shivang mini, Shinchan game, Doraemon Game, Nobita Game, Shinchan in hindi, Shinchan Gaming, Frostbite Gaming, VeryNuclear, Rock Indian Gamer, Amaan-T, Flight Gamer, Carry Depie, Proboiz, Tyro Gaming, Proboii, Taro gaming, Funny Game Roblox, Doraemon New Episode, Shinchan New Episode, Waterpark Tycoon, My waterpark, Waterpark Roblox",24,https://i.ytimg.com/vi/TbTRDaH1J1U/hqdefault.jpg,en,hi,False,661,PT11M1S,hd,False,True,False,False,1057771,6963,570
1DXUV84tu4s,IN,2026-03-16T03:43:12.752723+00:00,2026-03-13T17:54:33Z,Tu Na Samjhe,Tu Na Samjhe,Hellow Raja - Topic,UCyQq4jSYgTb-p0l0qigefNw,10,Music,"Hellow Raja, MaxxTurnn, Tu Na Samjhe",3,https://i.ytimg.com/vi/1DXUV84tu4s/hqdefault.jpg,en,pa,False,149,PT2M29S,hd,False,True,False,False,137860,1619,0
PMch3kAoG04,IN,2026-03-16T03:43:12.752730+00:00,2026-03-14T13:27:39Z,Jabardasth Mahidhar Review On Ustaad Bhagat Singh Trailer | Pawan Kalyan |Ustaad Bhagat Singh Review,Jabardasth Mahidhar Review On Ustaad Bhagat Singh Trailer | Pawan Kalyan |Ustaad Bhagat Singh Review,Mahidhar Vibes,UCo-NkhSDwu7uxim6CnJuNXw,24,Entertainment,"Ustaad Bhagat Singh, Jabardasth Mahidhar Review on Ustaad Bhagat Singh Trailer, Ustaad Bhagat Singh Trailer Review by Jabardasth Mahidhar, Jabardasth Mahidhar Ustaad Bhagat Singh Trailer Public Talk, Ustaad Bhagat Singh Trailer, Pawan Kalyan, Ustaad Bhagat Singh Trailer Review, Ustaad Bhagat Singh Trailer Public Talk, Ustaad Bhagat Singh Trailer Rating, Public Talk, Review, Jabardasth Mahidhar Ustaad Bhagat Singh Trailer Review, Jabardasth Mahidhar, Rating, Jabardasth, Mahidar",16,https://i.ytimg.com/vi/PMch3kAoG04/hqdefault.jpg,en,te,False,482,PT8M2S,hd,False,True,False,False,52259,2291,125
