video_id,country,fetched_at,published_at,title,localized_title,channel_title,channel_id,category_id,category_name,tags,tag_count,thumbnail,default_language,audio_language,is_live,duration,duration_raw,definition,caption_available,licensed_content,embeddable,made_for_kids,views,likes,comments
rHpAXvqDzYY,CL,2026-09-05T04:50:03.126554+00:00,2026-09-04T00:00:06Z,BLESSD ❌ ANUEL AA | CAPCANA COCOA (Video Oficial),BLESSD ❌ ANUEL AA | CAPCANA COCOA (Video Oficial),SIEMPRE BLESSD 💙,UCb164jMdHd94O34bASFbI3Q,10,Music,"capcana cocoa, capcana cocoa blessd, capcana, blessd y anuel, anuel y blessd, blessed, el bendito, trap nuevo, trap, trap 2026, musica nueva 2026, blessd, anuel, anuel blessd, trap latino",15,https://i.ytimg.com/vi/rHpAXvqDzYY/hqdefault.jpg,es,es-419,False,247,PT4M7S,hd,False,False,False,False,1979329,136539,15960
CFgEL7ei8VE,CL,2026-09-05T04:50:03.126602+00:00,2026-09-02T22:00:14Z,Anime “Dragon Ball Super: Beerus” | Super Surge Trailer,Anime “Dragon Ball Super: Beerus” | Super Surge Trailer,東映アニメーション公式YouTubeチャンネル,UCLhgIX2L5ZCaWdlaxR_oTAg,1,Film & Animation,,0,https://i.ytimg.com/vi/CFgEL7ei8VE/hqdefault.jpg,en,ja,False,112,PT1M52S,hd,False,True,False,False,3696977,120988,9130
9wnQuYUV37s,CL,2026-09-05T04:50:03.126612+00:00,2026-09-04T18:00:11Z,Hice a GTA IV Demasiado Realista,Hice a GTA IV Demasiado Realista,Rubius Z,UCcjIvuxmWlS5IEQ0JdPV4Ng,20,Gaming,"elrubius, rubius, nvidia, dlss 5, graficos, nuevo, new, 2026, ray tracing, ultra, hd, cyberpunk, Grand theft auto, GTA, GTA IV, GTA VI, RTX ON, dlss, filtro, shader, mod, mods, realista, graphics, 4k, gta 6, gta vi, gta 4, gta iv, niko bellic",30,https://i.ytimg.com/vi/9wnQuYUV37s/hqdefault.jpg,es,es,False,1221,PT20M21S,hd,False,True,False,False,1585545,48085,1065
VMSktL2hCqo,CL,2026-09-05T04:50:03.126620+00:00,2026-09-04T20:30:06Z,AURA - PABLO ANTONIO X YALUNA (Video Oficial),AURA - PABLO ANTONIO X YALUNA (Video Oficial),Pablo Antonio,UCxs9xUHEGyMHMLiXNgfv8Hw,10,Music,,0,https://i.ytimg.com/vi/VMSktL2hCqo/hqdefault.jpg,es,es,False,156,PT2M36S,hd,False,True,False,False,15245,1490,127
YQ1JIJCHE_g,CL,2026-09-05T04:50:03.126627+00:00,2026-09-04T21:31:14Z,"¿SONIC MANIA 2 CONFIRMADO?, BUDDY FUE FUNADO, DRAGON BALL BEERUS NUEVO TRAILER","¿SONIC MANIA 2 CONFIRMADO?, BUDDY FUE FUNADO, DRAGON BALL BEERUS NUEVO TRAILER",DOCTOR RANDOM,UCIkAuhDBNyKeLDxR5a76fRA,22,People & Blogs,"sonic mania, sonic, buddy, barney, dragon ball super",5,https://i.ytimg.com/vi/YQ1JIJCHE_g/hqdefault.jpg,es,es,False,325,PT5M25S,hd,False,True,False,False,34027,1412,127
ljQp6pjow7M,CL,2026-09-05T04:50:03.126634+00:00,2026-09-04T16:59:52Z,💀 SINPELEIRA7 Y FUNKOPOP51 💀 NUESTRO MEJOR TRY 💀 HARDCORE #5,💀 SINPELEIRA7 Y FUNKOPOP51 💀 NUESTRO MEJOR TRY 💀 HARDCORE #5,Auron,UCFR2oaNj02WnXkOgLH0iqOA,20,Gaming,"Auron, AuronPlay",2,https://i.ytimg.com/vi/ljQp6pjow7M/hqdefault.jpg,es-ES,es,False,4233,PT1H10M33S,hd,False,True,False,False,542375,21723,459
FyS5dAywkEo,CL,2026-09-05T04:50:03.126641+00:00,2026-09-04T00:00:05Z,LISA - SaWaDiKa (Official Music Video),LISA - SaWaDiKa (Official Music Video),LISAOfficialVEVO,UCg3ymxYCmURj5BFtbgMt-Og,10,Music,"Born Again, K-Pop, Doja Cat born again, Doja Cat LISA, Doja Cat RAYE, Doja Cat BTS, Born Again BTS, Doja Cat feat. The Joy, Pop, Doja Cat feat. Teezo Touchdown, MASC, s2claude, doja cat leak, doja cat hair, doja cat tiktok live, scarlet deluxe, doja cat disrespectful, headhigh, urrrrge!!!!!!!!, asap rocky, acknowledge me, okloser, doja cat tiktok trend, paint the town red, demons, wet vagina, fuck the girls, skull and bones, attention, scarlet vinyl doja cat, brisk",31,https://i.ytimg.com/vi/FyS5dAywkEo/hqdefault.jpg,en,en,False,187,PT3M7S,hd,False,True,False,False,76598214,1639001,170200
_QSCehzFODo,CL,2026-09-05T04:50:03.126648+00:00,2026-09-04T16:51:51Z,TODO LO QUE DEBES SABER SOBRE EL NUEVO TRAILER DE DBS:BEERUS,TODO LO QUE DEBES SABER SOBRE EL NUEVO TRAILER DE DBS:BEERUS,Gramajo,UC6Q-Xpd--DVN98hgt1Y1hvg,24,Entertainment,,0,https://i.ytimg.com/vi/_QSCehzFODo/hqdefault.jpg,es-MX,es-MX,False,756,PT12M36S,hd,False,True,False,False,67137,4082,349
OT_QisSXQOQ,CL,2026-09-05T04:50:03.126655+00:00,2026-09-04T19:58:16Z,Sobreviví a MASHA y EL OSO MALDITOS con FALSITY,Sobreviví a MASHA y EL OSO MALDITOS con FALSITY,soyHerios,UCqXd1hXNGUFZxL6zyD7EZcg,20,Gaming,"soyHerios, Minecraft",2,https://i.ytimg.com/vi/OT_QisSXQOQ/hqdefault.jpg,es,es,False,1173,PT19M33S,hd,False,True,False,False,683174,12410,1101
bg4cRJ86j_4,CL,2026-09-05T04:50:03.126662+00:00,2026-09-04T00:03:24Z,Casi Algo,Casi Algo,Maisak - Topic,UC8odS6y6SvgJwVMmk4Cx3Xg,10,Music,"Maisak, Jay Wheeler, Maikel Rafael Rico Torres “Maisak”, Juan David Luján Torres “Fénix”, Carlos Armando Rivas Germán “Crivas”, Mario Alberto Daza Altamar, Santiago Marín Andrade “Samai”, José Ángel López Martínez “Jay Wheeler”, Casi Algo",9,https://i.ytimg.com/vi/bg4cRJ86j_4/hqdefault.jpg,es,es,False,213,PT3M33S,hd,False,True,False,False,369745,10825,164
F4_fw3Im0cM,CL,2026-09-05T04:50:03.126670+00:00,2026-09-03T03:19:56Z,"TRAILER de HARRY POTTER: Analisis PLANO a PLANO | Cambios libro, referencias y detalles!","TRAILER de HARRY POTTER: Analisis PLANO a PLANO | Cambios libro, referencias y detalles!",Cámara en Mano,UCZoeiKBLDv0Hj56pN5d2Ocw,22,People & Blogs,"Harry Potter, Harry Potter HBO, Harry Potter serie, Harry Potter serie HBO, Harry Potter 2026, Harry Potter trailer, Harry Potter nuevo trailer, Harry Potter HBO trailer, Harry Potter serie trailer, Harry Potter y la Piedra Filosofal, Harry Potter Sorcerer's Stone, Harry Potter libros, Harry Potter libro vs pelicula, Hogwarts, Harry Potter Hogwarts, Alastair Stout, Hermione Granger, Harry Potter Hermione, Severus Snape, Sombrero Seleccionador, Neville Longbottom, HBO",22,https://i.ytimg.com/vi/F4_fw3Im0cM/hqdefault.jpg,es,es,False,957,PT15M57S,hd,False,True,False,False,208529,7398,292
FAKiimJ955g,CL,2026-09-05T04:50:03.126677+00:00,2026-09-04T18:57:00Z,ESCAPA del TECLADO ABRAZANDO a tu CRUSH en Roblox,ESCAPA del TECLADO ABRAZANDO a tu CRUSH en Roblox,Lyna,UC-cnbLlplnXA4oc7rR21qzg,20,Gaming,,0,https://i.ytimg.com/vi/FAKiimJ955g/hqdefault.jpg,es-419,es-419,False,1083,PT18M3S,hd,False,True,False,False,330002,8998,433
NzbswralcOQ,CL,2026-09-05T04:50:03.126683+00:00,2026-09-04T01:00:06Z,LLEFLIGHT - COLECCIONISTA DE CORAZONES (Official Video) (Prod. Ag Daddy),LLEFLIGHT - COLECCIONISTA DE CORAZONES (Official Video) (Prod. Ag Daddy),Lleflight,UCTSunqI03xAwFwT1tXwOtcQ,10,Music,"Lleflight, Jairovera, 707, paketeenamore, troka, ginomella, chile, perreo, mambo, gataonly, crismj, floymenor, jereklein, youngcister, katteyes, sinaka, reggaeton, trap, Sosa, 2026, bienlejos, tiktok, trend, alo, a200, Bayronfire, lajunta, DIABLOTE, SHISHIGANG, LOYALTTY, MARTINWHITE, ANUEL, BADBUNNY, VIRAL, LLEFLIGHT, ROBINHOOD, LUCKYBROWN, TOBALMJ, dubai, diablote, coleccionista, kingsavagge, maipu, poblacion",44,https://i.ytimg.com/vi/NzbswralcOQ/hqdefault.jpg,es,es,False,179,PT2M59S,hd,False,True,False,False,58835,2746,1075
ZeMKYURp_A8,CL,2026-09-05T04:50:03.126690+00:00,2026-09-03T13:20:20Z,Monster Hunter Wilds: Ascendance - 1st Trailer,Monster Hunter Wilds: Ascendance - 1st Trailer,Monster Hunter,UCVS0xBpOtXBAl12rdG67-OQ,20,Gaming,"monster hunter, mh, action, rpg, hunting, multiplayer, capcom, #MHWilds, #MonsterHunter, #Ascendance",10,https://i.ytimg.com/vi/ZeMKYURp_A8/hqdefault.jpg,en,en,False,191,PT3M11S,hd,False,True,False,False,1444428,49528,4076
e8SOKrhJIvU,CL,2026-09-05T04:50:03.126697+00:00,2026-09-04T20:17:17Z,Me Converti en BEBE LONG HORSE en Un BLOQUE!,Me Converti en BEBE LONG HORSE en Un BLOQUE!,Awita,UC62nFXtc3KNujp9LCPJt-sA,20,Gaming,,0,https://i.ytimg.com/vi/e8SOKrhJIvU/hqdefault.jpg,es,es-419,False,1694,PT28M14S,hd,False,True,False,False,327078,5181,455
sf02ugzPFE4,CL,2026-09-05T04:50:03.126727+00:00,2026-09-04T04:00:06Z,JISOO - CLICK (Official MV),JISOO - CLICK (Official MV),JISOO,UCRE-097LGtx_Zo7LrHvkycA,10,Music,"YG Entertainment, YG, 와이지, K-po​p, BLACKPINK, 블랙핑크, 블핑, 지수, JISOO, BLINK, 블링크, jisoo, BLISSOO, BTS, MAKING, BEHIND, CLICK",17,https://i.ytimg.com/vi/sf02ugzPFE4/hqdefault.jpg,en,ko,False,169,PT2M49S,hd,False,True,False,False,13316958,1311469,122439
1RnyZgfN-JY,CL,2026-09-05T04:50:03.126743+00:00,2026-09-02T15:07:04Z,Harry Potter and the Philosopher's Stone | Official Teaser Trailer | HBO Max,Harry Potter and the Philosopher's Stone | Official Teaser Trailer | HBO Max,HBO Max UK & Ireland,UCh7Xjisj6m8Hxcvg1HK9Dqg,24,Entertainment,"harry potter, hbo",2,https://i.ytimg.com/vi/1RnyZgfN-JY/hqdefault.jpg,en,en-GB,False,141,PT2M21S,hd,False,True,False,False,4008639,81835,11483
OSzsKZP9onQ,CL,2026-09-05T04:50:03.126751+00:00,2026-09-04T21:55:28Z,NUNCA PIDAS UNA PIZZA A LAS 3AM EN EL SIMULADOR DE COMER EN ROBLOX | JONDRES GC,NUNCA PIDAS UNA PIZZA A LAS 3AM EN EL SIMULADOR DE COMER EN ROBLOX | JONDRES GC,Jondres Gc,UCEtD_nOAZeTzb5dcln-ljOA,24,Entertainment,,0,https://i.ytimg.com/vi/OSzsKZP9onQ/hqdefault.jpg,es,es-419,False,1093,PT18M13S,hd,False,True,False,False,214971,10062,982
aWpw-Ynl0Yc,CL,2026-09-05T04:50:03.126757+00:00,2026-09-03T23:00:06Z,MILEY - Bass Persuades (Official Video),MILEY - Bass Persuades (Official Video),MILEY,UCn7dB9UMTBDjKtEKBy_XISw,24,Entertainment,"Miley, Cyrus, MiFans, MileyWorld",4,https://i.ytimg.com/vi/aWpw-Ynl0Yc/hqdefault.jpg,en,en,False,239,PT3M59S,hd,False,True,False,False,2915920,178111,15798
ll9DI1Vx3H0,CL,2026-09-05T04:50:03.126764+00:00,2026-09-03T15:00:16Z,Lux Gameplay Reveal Trailer | 2XKO,Lux Gameplay Reveal Trailer | 2XKO,2XKO,UCYRkq7GwQm0ezrhFJOZPO9Q,20,Gaming,"2xko, riot games, league of legends, league of legends fighting game, 2xko xbox, 2xko playstation, xbox free games, playstation free games, lux, 2xko lux, lux league of legends, 2xko champions, 2xko newest champion, fighting games, fighting games for pc, 2xko trailer, 2xko characters, playstation fighting games, xbox fighting games, 2v2 fighting game, playstation, xbox, 2xko console, lux 2xko, lux fighting game, lux gameplay reveal, 2xko lux kit, lux 2xko moves",28,https://i.ytimg.com/vi/ll9DI1Vx3H0/hqdefault.jpg,en,en-US,False,103,PT1M43S,hd,True,True,False,False,554606,13200,2474
NDv0zm4bRIA,CL,2026-09-05T04:50:03.126771+00:00,2026-09-04T19:08:51Z,CASA ACUÁTICA de CHICOS vs CASA ACUÁTICA de CHICAS en Minecraft!,CASA ACUÁTICA de CHICOS vs CASA ACUÁTICA de CHICAS en Minecraft!,Dagar,UCEs5MQjXJq27-X2vgdwtYDw,20,Gaming,"Minecraft, minecraft mod, dagar y nacho, nacho y dagar, amigos minecraft, dagar minecraft, minecraft dagar",7,https://i.ytimg.com/vi/NDv0zm4bRIA/hqdefault.jpg,es,es,False,1291,PT21M31S,hd,False,True,False,False,801691,10516,431
5OViLleW1lw,CL,2026-09-05T04:50:03.126778+00:00,2026-09-04T00:02:04Z,Cuál Es La Necesidad,Cuál Es La Necesidad,Yandel - Topic,UCc1QpDE0iT0n6ZLckjflNHw,10,Music,"Yandel, Llandel Veguilla, Javier Antonio Dang Diaz, Marcel Gonzalez, Cuál Es La Necesidad",5,https://i.ytimg.com/vi/5OViLleW1lw/hqdefault.jpg,es,es,False,145,PT2M25S,hd,False,True,False,False,117690,1694,35
bL2UExYSZYw,CL,2026-09-05T04:50:03.126785+00:00,2026-09-03T14:31:06Z,"DRAGON BALL XENOVERSE 3 | Tráiler ""Lucha a tu manera""","DRAGON BALL XENOVERSE 3 | Tráiler ""Lucha a tu manera""",BANDAI NAMCO Latinoamérica,UCnIt4vG00PM5CeXdSrT9_8w,20,Gaming,,0,https://i.ytimg.com/vi/bL2UExYSZYw/hqdefault.jpg,es,es,False,94,PT1M34S,hd,False,False,False,False,63147,2212,178
Q3B8xKRrUwI,CL,2026-09-05T04:50:03.126791+00:00,2026-09-04T21:30:31Z,DE NOOB A PRO EN ROBA UN HUEVO EN ROBLOX!🐣,DE NOOB A PRO EN ROBA UN HUEVO EN ROBLOX!🐣,ElAbrahaham,UColTsB6zogXWooPbeO67Wgw,20,Gaming,"abrahahamflores, stream, entretenimiento, divertido, risa, gracioso, gamer, videojuegos, elabrahaham, copilacion, videos graciosos, antes vs ahora, mexico vs usa, abrahaham, directos, shorts, tiktoks, streams, twitch, reaccion, reacciones, roblox, brainrots, gameplays, random, terror, los bros, bros, bros roblox",29,https://i.ytimg.com/vi/Q3B8xKRrUwI/hqdefault.jpg,es-MX,es-419,False,1217,PT20M17S,hd,False,True,False,False,590209,17693,1506
KJpq-VwIrF8,CL,2026-09-05T04:50:03.126798+00:00,2026-09-03T16:00:06Z,VISAJE - PIERO 47 (Video Oficial),VISAJE - PIERO 47 (Video Oficial),Piero 47 Forty-Seven,UCwvrH5QZtyMxbJkYxwFGjqw,10,Music,"piero 47, piero 47 reaccion, piero47, piero 47 remix, piero 47 letra, mueve piero 47, canciones piero 47, reaccion a piero 47, seguimos joseando - piero 47, piero 47 todas las canciones, grandes exitos piero 47 forty seven, piero rosales, pierofortyseven47, jose ross, jairo vera, epi, alien, beraka, 47gang, cvssiel, alien boy, bertiaka, percy fer, galee rip, alien boyz, genero urbano chile reaccion, manifiesto, melanie baby, juliano chieff, beraka reaccion",30,https://i.ytimg.com/vi/KJpq-VwIrF8/hqdefault.jpg,es-419,es-419,False,205,PT3M25S,hd,False,True,False,False,92452,4915,307
xSNdU0VImjw,CL,2026-09-05T04:50:03.126805+00:00,2026-09-02T22:04:06Z,REACCIONANDO al SEGUNDO TRÁILER de Harry Potter (HBO) + ANÁLISIS ⚡,REACCIONANDO al SEGUNDO TRÁILER de Harry Potter (HBO) + ANÁLISIS ⚡,El Aquelarre de Dany,UCFxXyGlwRLV7x1Cp5JqWhwg,1,Film & Animation,"el aquelarre de dany, harry potter, animales fantasticos, mundo magico, mundo magico de harry potter, el aquelarre de dany harry potter, harry potter español, teorias de harry potter, teoria harry potter, harry potter explicado, curiosidades harry potter, datos harry potter, analisis harry potter, explicaciones harry potter, jk rowling, harry potter hbo, harry potter max, serie harry potter, hbo, dumbledore, mcgonagall, snape, hagrid, filch, quirrell, hermione granger, ron weasley",27,https://i.ytimg.com/vi/xSNdU0VImjw/hqdefault.jpg,es-MX,es-MX,False,4141,PT1H9M1S,hd,False,True,False,False,71082,2586,336
JgkjRbnKF1k,CL,2026-09-05T04:50:03.126813+00:00,2026-09-04T18:00:06Z,"1,000,000 Aldeanos vs OBESITY","1,000,000 Aldeanos vs OBESITY",Salmonazo,UCnwfWFcfEtWcut4m0r1lHhA,20,Gaming,"Minecraft, minecraft en español, minecraft español, memes minecraft, minecraft meme, minecraft shorts, minecraft cursed, minecraft pov, pov minecraft, minecraft memes, brainrot, grox, 1000000 aldeanos, luislucho, esclavizando aldeanos, salmonazo vs grox, verity, verity aldeanos",18,https://i.ytimg.com/vi/JgkjRbnKF1k/hqdefault.jpg,es,es,False,588,PT9M48S,hd,False,True,False,False,248341,4459,263
y0fl7RHmdqE,CL,2026-09-05T04:50:03.126820+00:00,2026-09-04T00:04:24Z,Lolos Marihuaneros,Lolos Marihuaneros,Nano Parra - Topic,UC_nDBeuinctuHRwx3rXUh0w,10,Music,"Nano Parra, Pablo Chill-E, Los Tricolores, Lolos Marihuaneros",4,https://i.ytimg.com/vi/y0fl7RHmdqE/hqdefault.jpg,es,es,False,150,PT2M30S,hd,False,True,False,False,13535,865,0
QOZoV1dtG1A,CL,2026-09-05T04:50:03.126827+00:00,2026-09-03T14:30:44Z,Digimon Story Time Stranger: A Hero’s Eternal Legacy | Expansion Announcement Trailer,Digimon Story Time Stranger: A Hero’s Eternal Legacy | Expansion Announcement Trailer,Bandai Namco Entertainment America,UC_ntXHv-XdKCD7CPynVvnQw,20,Gaming,"Bandai Namco, Bandai Namco Entertainment, video games, namco bandai, PS5, PS4, Xbox Series X, anime games, playstation, xbox, pc games",11,https://i.ytimg.com/vi/QOZoV1dtG1A/hqdefault.jpg,en-US,en,False,120,PT2M,hd,False,True,False,False,342023,9396,1363
roA9hYxjnFU,CL,2026-09-05T04:50:03.126834+00:00,2026-09-04T13:25:42Z,LA VIDA NOCTURNA DE LIBERTY CITY 🍾 - Grand Theft Auto: The Ballad of Gay Tony #1,LA VIDA NOCTURNA DE LIBERTY CITY 🍾 - Grand Theft Auto: The Ballad of Gay Tony #1,IlloJuan,UCKvoBRFqMNqvuSvFBiNadgw,20,Gaming,"illojuan, mejores momentos illojuan, clips illojuan, illojuan clips, twitch illojuan, illojuan directo, lmdshow, ldmshow, mejores momentos de illojuan",9,https://i.ytimg.com/vi/roA9hYxjnFU/hqdefault.jpg,es,es,False,19106,PT5H18M26S,hd,False,True,False,False,806458,17998,654
vDQ86pkNyhE,CL,2026-09-05T04:50:03.126841+00:00,2026-09-04T22:00:06Z,[Free Cover] - Wilfrido Vargas (Mix En Vivo),[Free Cover] - Wilfrido Vargas (Mix En Vivo),Free Cover,UCnntVqOb0AOzjDE13PjHeRw,10,Music,"Free Cover Wilfrido Vargas, Wilfrido Vargas Free Cover, Wilfrido Vargas Mix En Vivo, Free Cover Venezuela, Free Cover Venezuela Wilfrido Vargas, Wilfrido Vargas Popurri, Wilfrido Vargas El Africano, Wilfrido Vargas Abusadora, Wilfrido Vargas El Baile del Perrito, Wilfrido Vargas El Jardinero, Wilfrido Vargas El Comejen, Wilfrido Vargas La Medicina, El Africano Free Cover, Abusadora Free Cover, El Baile del Perrito Free Cover, Merengue",16,https://i.ytimg.com/vi/vDQ86pkNyhE/hqdefault.jpg,es-419,es,False,1339,PT22M19S,hd,False,True,False,False,218512,5885,544
rtPKg4p5qiY,CL,2026-09-05T04:50:03.126847+00:00,2026-09-02T21:58:10Z,¿Lily y James Potter? 😱⚡ Análisis trailer HARRY POTTER Y LA PIEDRA FILOSOFAL SERIE | Reacción,¿Lily y James Potter? 😱⚡ Análisis trailer HARRY POTTER Y LA PIEDRA FILOSOFAL SERIE | Reacción,ANDRU,UCgfR2PbnZpkJ5k8uc-1AjfQ,1,Film & Animation,"andru, andrugeek, andru geek",3,https://i.ytimg.com/vi/rtPKg4p5qiY/hqdefault.jpg,es-419,es-419,False,1343,PT22M23S,hd,False,True,False,False,84765,2406,738
6cJmIVKY7mE,CL,2026-09-05T04:50:03.126853+00:00,2026-09-04T19:15:38Z,ME CONVERTI EN UN PAJARO 🐦😮,ME CONVERTI EN UN PAJARO 🐦😮,ChuuyMine,UCrPWiqy4AmzFruDvWONex6w,20,Gaming,"ME CONVERTI EN UN PAJARO 🐦😮, ME CONVERTI EN UN PAJARO, CONVERTI EN UN PAJARO, ME CONVERTI, PAJARO, chuuymine, chuuymine me converti, me converti chuuymine, chuuymine pajaro, pajaro chuuymine, me converti en un pajaro chuuymine, chuuymine me converti en un pajaro",12,https://i.ytimg.com/vi/6cJmIVKY7mE/hqdefault.jpg,es,es,False,1509,PT25M9S,hd,False,True,False,False,244391,3140,138
XhTJ7bzuuAc,CL,2026-09-05T04:50:03.126861+00:00,2026-09-02T16:24:55Z,"KAROL G, Judeline, Rusowsky - BbY WOW (Letra)","KAROL G, Judeline, Rusowsky - BbY WOW (Letra)",nightlife,UCkncdo6oQ1z8hPVyQh9k-2Q,10,Music,"karol g bby wow, bby wow, bby wow karol g, bby wow letra, bby wow karol g letra, karol g bby wow lyrics, bby wow lyrics, bby wow karol g lyrics, tiktok, tiktok song, tiktok remix, lyrics on screen, for my lova, judeline bby wow, karol g judeline rusowsky, Karol G Baby Wow, Baby Wow Karol G, Judeline Baby Wow, Baby Wow Rusowsky, Baby Wow, baby wow karol g, karol g, karol g baby wow, baby wow, Wow baby me gustas demasia'o, Baby wow yo te tengo choca'o, letra",27,https://i.ytimg.com/vi/XhTJ7bzuuAc/hqdefault.jpg,es,en,False,227,PT3M47S,hd,False,True,False,False,838055,2106,12
mDTJqnSOdA8,CL,2026-09-05T04:50:03.126868+00:00,2026-09-02T18:20:13Z,REACCIONANDO al trailer de la serie de Harry Potter!,REACCIONANDO al trailer de la serie de Harry Potter!,Capa Invisible,UC_2Wa-00YsCMVYFZSCrbzAw,22,People & Blogs,,0,https://i.ytimg.com/vi/mDTJqnSOdA8/hqdefault.jpg,es,es,False,343,PT5M43S,hd,False,True,False,False,83882,3131,279
ffN1QRpu2rw,CL,2026-09-05T04:50:03.126874+00:00,2026-09-04T18:59:22Z,ENGAÑA a su MARIDO y le ROBO LOS COCHES!!  | 40 SEGUNDOS - Cap. 7,ENGAÑA a su MARIDO y le ROBO LOS COCHES!!  | 40 SEGUNDOS - Cap. 7,Nexxuz World,UCggHFGmLDDStxyM-uy9DYnQ,24,Entertainment,"ark, ARK, ARK SURVIVAL EVOLVED, ARK SERIE, reinos enfrentados, reinos, serie ark, extremo, supervivencia, dinosaurio depredador, dinosaurios, dinosaurios juegos, dinosaurio juego, juego dinosaurio, juegos de dinosaurios, parque dinosaurios, dinosaurios juego, dinosaurios ark, jurassic world ark, juegos dinosaurios, dinosaurios serie, dinosaurio ark, nexxuz, nexxuz world, nexxuz hd, nexxuz ark, nexus",27,https://i.ytimg.com/vi/ffN1QRpu2rw/hqdefault.jpg,es,es,False,4572,PT1H16M12S,hd,False,True,False,False,144232,17522,436
mG0Y9fHu1uU,CL,2026-09-05T04:50:03.126881+00:00,2026-09-03T23:03:09Z,Que Me Lleve el Diablo,Que Me Lleve el Diablo,Los Tigres de Parral - Topic,UCJ3flkjwmtvA9W032mv89lg,10,Music,"Los Tigres de Parral, Cuco Sánchez, Que Me Lleve el Diablo",3,https://i.ytimg.com/vi/mG0Y9fHu1uU/hqdefault.jpg,es,es,False,257,PT4M17S,hd,False,True,False,False,8920,216,0
VBvKZauqORM,CL,2026-09-05T04:50:03.126888+00:00,2026-09-04T18:30:04Z,SOBREVIVIMOS A BLUEY MALVADA EN MINECRAFT...,SOBREVIVIMOS A BLUEY MALVADA EN MINECRAFT...,CelynneiMC,UCCsIkOosHXJroOwbRsu5jHg,20,Gaming,"minecraft, minecraftespañol, minecraftmod, celynnei, nabicraft, celycraft, gameplay",7,https://i.ytimg.com/vi/VBvKZauqORM/hqdefault.jpg,es,es,False,1258,PT20M58S,hd,False,True,False,False,199655,9899,371
AOaxKk9PihI,CL,2026-09-05T04:50:03.126895+00:00,2026-09-04T05:40:55Z,Dile A Tu Gato Hoodtrap,Dile A Tu Gato Hoodtrap,Thery - Topic,UC8bx4jqFo4zYLDS_r89vgog,10,Music,"Thery, Nobdy, Dile A Tu Gato Hoodtrap",3,https://i.ytimg.com/vi/AOaxKk9PihI/hqdefault.jpg,es,es,False,96,PT1M36S,hd,False,True,False,False,408122,5208,0
m_-UJepGMuM,CL,2026-09-05T04:50:03.126901+00:00,2026-09-04T18:23:59Z,Construimos una BASE EN EL CIELO para ESCONDERNOS de THE LOCUST en Brookhaven Roblox,Construimos una BASE EN EL CIELO para ESCONDERNOS de THE LOCUST en Brookhaven Roblox,Kira,UCSZ4SBqBWV77am87P1y1S4w,20,Gaming,,0,https://i.ytimg.com/vi/m_-UJepGMuM/hqdefault.jpg,es,es-419,False,843,PT14M3S,hd,False,True,False,False,133472,2584,103
EqQIBLvkLds,CL,2026-09-05T04:50:03.126907+00:00,2026-09-02T18:00:12Z,"Tony Dize, Plan B - Solos (Letra)","Tony Dize, Plan B - Solos (Letra)",magnificent,UCGR1oe259xuhCSaq12h_aQQ,10,Music,"tony dize plan b solos letra, solos letra, solos lyrics, solos tony dize plan b letra español, solos subtitulos español, tony dize canciones, plan b canciones, reggaeton old school, reggaeton clasico, musica urbana clasica, canciones romanticas, solos video oficial, solos tik tok trend, letra oficial, pina records, latin reggaeton",16,https://i.ytimg.com/vi/EqQIBLvkLds/hqdefault.jpg,es,en,False,189,PT3M9S,hd,False,True,False,False,68115,99,0
3QEg9GA_KIg,CL,2026-09-05T04:50:03.126913+00:00,2026-09-04T21:59:13Z,Adoptando a TURBO PRODIGIO TECNOLÓGICO en Strongest Battlegrounds!,Adoptando a TURBO PRODIGIO TECNOLÓGICO en Strongest Battlegrounds!,TurboBlox,UC8SgRXq0LhLrdcBZ-eLUumA,20,Gaming,"xturbo, maya, zach, chloe, turboblox, Adoptando a TURBO PRODIGIO TECNOLÓGICO en Strongest Battlegrounds!",6,https://i.ytimg.com/vi/3QEg9GA_KIg/hqdefault.jpg,en,es,False,969,PT16M9S,hd,False,True,False,False,110926,2757,86
f366UhqB-PM,CL,2026-09-05T04:50:03.126919+00:00,2026-08-31T19:06:01Z,Gilberto Santa Rosa - Me Volvieron A Hablar De Ella (Letra),Gilberto Santa Rosa - Me Volvieron A Hablar De Ella (Letra),imferse - ,UCiDzN_KnO_cQ1ss1Y1gxb5g,10,Music,"Me Volvieron A Hablar De Ella, Gilberto Santa Rosa, Gilberto Santa Rosa Me Volvieron A Hablar De Ella, Me Volvieron A Hablar De Ella Letra, Me Volvieron A Hablar De Ella Lyrics, Gilberto Santa Rosa Exitos, Salsa, Salsa Romántica, Salsa Romantica, Musica Latina, Latin Music, Canciones de Amor, Canciones de Desamor, Canciones Románticas, Sentimiento Salsero, Éxitos Salseros, Salsa para Bailar, Clásicos de la Salsa, Clasicos de la Salsa, Video con Letra, Letra Oficial",21,https://i.ytimg.com/vi/f366UhqB-PM/hqdefault.jpg,es,es,False,345,PT5M45S,hd,False,True,False,False,206395,681,3
r-p3smv30do,CL,2026-09-05T04:50:03.126926+00:00,2026-09-04T20:20:52Z,Impresionando a MI CRUSH con Un LAMBORGHINI en Roblox Runaways!,Impresionando a MI CRUSH con Un LAMBORGHINI en Roblox Runaways!,AwitaDos,UCJ5v9VGVca67dg0nLrohopQ,20,Gaming,,0,https://i.ytimg.com/vi/r-p3smv30do/hqdefault.jpg,es,es,False,1501,PT25M1S,hd,False,True,False,False,141983,2480,207
0ZltG6SnBsg,CL,2026-09-05T04:50:03.126932+00:00,2026-09-04T00:05:33Z,BBY GIRL,BBY GIRL,iZaak - Topic,UCQSFlq436Zlx-p3inx7gvvg,10,Music,"iZaak, Fronti, BBY GIRL",3,https://i.ytimg.com/vi/0ZltG6SnBsg/hqdefault.jpg,en,es,False,192,PT3M12S,hd,False,True,False,False,69633,1273,11
-AlbL-mInNo,CL,2026-09-05T04:50:03.126939+00:00,2026-09-04T19:00:34Z,Me Convertí en HACKITY para TROLLEAR a Mis AMIGOS en MINECRAFT,Me Convertí en HACKITY para TROLLEAR a Mis AMIGOS en MINECRAFT,DanoMC,UCayC0ZYU9iq5PyuDG18BVsA,20,Gaming,"HACKITY, me convertí en Hackity para trollear a mis amigos en Minecraft, me converti en verity, verity, hackity, danomc, dano, mc, minecraft, danomc terror, minecraft terror, minecraft horror, danomc trolleos, trollee a mi amigo en minecraft, minecraft español, minecraft bedrock, trolleo a mis amigos con hackity, hacker, hack minecraft, minecraft hacker, minecraft pero, minecraft gameplay, minecraft mod, keciyo, arsel, niki, danomc y keciyo, minecraft challenge, minecraft 1.21",29,https://i.ytimg.com/vi/-AlbL-mInNo/hqdefault.jpg,es-ES,es-ES,False,1331,PT22M11S,hd,False,True,False,False,160106,2495,130
JgqnZfYgLI4,CL,2026-09-05T04:50:03.126946+00:00,2026-08-30T10:04:28Z,No Me Suman,No Me Suman,MASKFILTRAX - Topic,UCbwZTpVFZ2ix6yZNAzdn1zw,10,Music,"MASKFILTRAX, RamaNirou, Vnmx MJ, FloydMJ, No Me Suman",5,https://i.ytimg.com/vi/JgqnZfYgLI4/hqdefault.jpg,en,es,False,120,PT2M,hd,False,True,False,False,33452,455,5
3eUxBniQAgk,CL,2026-09-05T04:50:03.126953+00:00,2026-09-05T00:13:07Z,Probamos El Mejor Juego De Pescar Que Existe / How To Fish Con Amigos,Probamos El Mejor Juego De Pescar Que Existe / How To Fish Con Amigos,Omenasote,UCPwqZsIDvxh7GcSZIc3vDKQ,20,Gaming,"fnaf memes, memes fnaf, Animatronicos, fnaf movie, fnaf pelicula, fnaf trailer, omenaso, memes, tiktoks, videos divertidos, memes divertidos, jaja, reaccionando, gracioso, mejores momentos, chistoso, fnaf meme, fnaf momo, fnaf chistoso, fnaf xd, omenasito, fanarts, 2025, juego, de escalar, es divertido, peak, juego escalar, alto, montaña, 1000 metros, altura, peak juego, juega, escalando, final, juego completo, actualizacion, nuevo bioma, how to fish, como pescar, tips, pescadores, dinero",44,https://i.ytimg.com/vi/3eUxBniQAgk/hqdefault.jpg,es,es,False,2540,PT42M20S,hd,False,True,False,False,101723,5996,560
SusSFcixHt8,CL,2026-09-05T04:50:03.126960+00:00,2026-09-04T04:00:27Z,Marco Antonio Solís - Invéntame (Visualizer),Marco Antonio Solís - Invéntame (Visualizer),MarcoASolisVEVO,UCZgOYFYIM4a08bCnySE2-WQ,10,Music,"Marco Antonio Solís, FONO, Latin Regional Mexican",3,https://i.ytimg.com/vi/SusSFcixHt8/hqdefault.jpg,es,es,False,214,PT3M34S,hd,False,True,False,False,130142,776,8
hC-CF4Vf03A,CL,2026-09-05T04:50:03.126966+00:00,2026-09-03T22:58:57Z,4 VETERANOS tratando de ganar en PUBG ☠️- GOTH,4 VETERANOS tratando de ganar en PUBG ☠️- GOTH,Jaidefinichon GOTH,UCL7JL6A3ClFkopUVlugiVZg,20,Gaming,"jaidefinichon, gameplay, español, youtuber, chile, chileno, jaidefichon goth, Family Friendly, SFW, Familiar, Apto para todo publico, Etiquetas",12,https://i.ytimg.com/vi/hC-CF4Vf03A/hqdefault.jpg,es-419,es-419,False,3324,PT55M24S,hd,False,True,False,False,68979,3603,217
