video_id,country,fetched_at,published_at,title,localized_title,channel_title,channel_id,category_id,category_name,tags,tag_count,thumbnail,default_language,audio_language,is_live,duration,duration_raw,definition,caption_available,licensed_content,embeddable,made_for_kids,views,likes,comments
kYOhLvbLoWk,MD,2026-03-19T03:26:49.938441+00:00,2026-03-12T13:31:40Z,Ты говоришь что я пьян,Ты говоришь что я пьян,MaxBro - Topic,UCiEoNptCAPetY3KR62QD8vQ,10,Music,"MaxBro, Ты говоришь что я пьян",2,https://i.ytimg.com/vi/kYOhLvbLoWk/hqdefault.jpg,ru,en,False,391,PT6M31S,hd,False,True,False,False,884170,2733,109
vydSiM0O-tE,MD,2026-03-19T03:26:49.938483+00:00,2026-03-18T12:24:00Z,ЧЕЛОВЕК-ПАУК: НОВЫЙ ДЕНЬ ТРЕЙЛЕР РЕАКЦИЯ И РАЗБОР,ЧЕЛОВЕК-ПАУК: НОВЫЙ ДЕНЬ ТРЕЙЛЕР РЕАКЦИЯ И РАЗБОР,Qewbite,UCBss5McqBPfUKk5OZES0WFA,1,Film & Animation,"человек паук, spider man brand new day, трейлер, тизер, реакция, человек паук новый день тизер, spider man brand new day Teaser Trailer, человек паук новый день трейлер реакция, разбор, человек паук разбор, Кьюбайт, Qewbite, человек паук 4 трейлер, человек паук кьюбайт, кьюбайт человек паук, разбор трейлера человека паука, новый день, brand new day",18,https://i.ytimg.com/vi/vydSiM0O-tE/hqdefault.jpg,ru,ru,False,927,PT15M27S,hd,False,True,False,False,322668,19740,1641
8hl1Oaj3uGM,MD,2026-03-19T03:26:49.938495+00:00,2026-03-16T15:45:00Z,Ma ASCUND pe Roblox ! *sau MOR*,Ma ASCUND pe Roblox ! *sau MOR*,Jocuri Horror,UC7Tmdxj18fdu4tTtxVUhoCA,20,Gaming,"jocuri horror, jocuri, horror, gaming, minecraft, roblox, romania, ro, creepy, iraphahell, scary, maxinfinite, marius iancu, fnaf, jocuri horor, horor, iugin, highman, isilent, ihatepink, five, nights, at, freddys, ben, the, backrooms, legende, snik, live, stream, cartoon, cat, sky, paranormal, reactie, xslayder, codrin, scp, amuzant, speed, demo, scoala, rapha, capybara, playtime, doors 2, life of luxury, ohio, update, secrete, banban 4, capra din ohio, skibidi wc, mcdonalds, tatal, strict, sammy, 99 nopti, steal a brainrot, sora",61,https://i.ytimg.com/vi/8hl1Oaj3uGM/hqdefault.jpg,ro,ro,False,1621,PT27M1S,hd,False,True,False,False,180020,5056,438
LWqejO5RgN0,MD,2026-03-19T03:26:49.938505+00:00,2026-03-12T18:00:06Z,Cristian Porcari - Ultima Oara | Official Video,Cristian Porcari - Ultima Oara | Official Video,Cristian Porcari,UCnR0QKMF5cQBDvJGKWYq_JQ,10,Music,"Ultima oara, Cristian Porcari Ultima oara, ultima oara oficial, Ultima oara versuri, Ultima oara lyrics, Mi-e dor de noi, Vreau sa te vad chiar daca, Dragoste falsa, esti prea frumoasa, mai ramai ultima oara, Cristian Porcari, romanian music, muzica romaneasca, piese romanesti noi, muzica noua romaneasca, hituri romanesti",16,https://i.ytimg.com/vi/LWqejO5RgN0/hqdefault.jpg,ro,ro,False,156,PT2M36S,hd,False,True,False,False,167296,3402,253
IAdqvI9ebk0,MD,2026-03-19T03:26:49.938514+00:00,2026-03-18T11:38:34Z,"Человек Паук: Новый день — Русский трейлер (Дубляж, 2026)","Человек Паук: Новый день — Русский трейлер (Дубляж, 2026)",Kinoman,UC6A-Z0jDKemh9-CwGbj5yog,1,Film & Animation,"человек паук, человек паук 4 трейлер, человек паук 4 русский трейлер, человек паук совершенно новый день трейлер, человек паук новый день русский трейлер, человек паук новый день 2026 трейлер, spider-man brand new day trailer, трейлер 2026, трейлеры, трейлеры 2026, фильмы, фильмы 2026, кино 2026, новинки кино, трейлер фильма, русский трейлер, трейлер на русском, трейлер фильмов, лучшие фильмы, киноман, kinoman, movie trailers, trailers 2026, teaser trailers",24,https://i.ytimg.com/vi/IAdqvI9ebk0/hqdefault.jpg,ru,ru,False,163,PT2M43S,hd,False,True,False,False,790435,33092,2670
_k446Bc8TGQ,MD,2026-03-19T03:26:49.938523+00:00,2026-03-15T10:37:00Z,Я решил УБИТЬ ХЕЙТЕРШУ в Майнкрафт... ЭТО КОНЕЦ,Я решил УБИТЬ ХЕЙТЕРШУ в Майнкрафт... ЭТО КОНЕЦ,Domer Grief,UCb5oqCZ4AfmfXbgHsfei0tQ,20,Gaming,"Домер, Домер гриф, Domer, Domer Grief, Minecraft, Майнкрафт, рили ворлд, рилик, really world, сервер домера, выживание на сервере, выживание майнкрафт, сервер Майнкрафт, майнкрафт хардкор, Майнкрафт без доната, Алина хейтерша, выживание в Майнкрафт, анархия, тролинг Майнкрафт, отомстил в Майнкрафт, ловушки Майнкрафт, выживание Джамшута, Майн, с игрока до бога, домер выживание, девочка в Майнкрафт, предатель в Майнкрафт, reallyworld, Я решил УБИТЬ ХЕЙТЕРШУ в Майнкрафт... ЭТО КОНЕЦ",29,https://i.ytimg.com/vi/_k446Bc8TGQ/hqdefault.jpg,ru,ru,False,1617,PT26M57S,hd,False,True,False,False,1568673,164188,30541
uQKr16NLX10,MD,2026-03-19T03:26:49.938533+00:00,2026-03-11T11:00:03Z,rares x @LazyEd  x @CostelBijuOficial - Taj Mahal,rares x @LazyEd  x @CostelBijuOficial - Taj Mahal,rares,UC0fFhAcvNI5cRgZODXN_29Q,10,Music,"rares lazy ed costel biju taj mahal, taj mahal costel biju lazy ed rares, costel biju rares lazy ed taj mahal, lazy ed taj mahal, rares taj mahal, costel biju taj mahal, rares x Lazy Ed x Costel Biju - Taj Mahal, official audio, official video, 2026",10,https://i.ytimg.com/vi/uQKr16NLX10/hqdefault.jpg,ro,en-US,False,162,PT2M42S,hd,False,True,False,False,2845416,24922,233
XKUmKxZYl-w,MD,2026-03-19T03:26:49.938541+00:00,2026-03-17T15:00:06Z,Update 0.38.0 Trailer: Breakout | Standoff 2,Update 0.38.0 Trailer: Breakout | Standoff 2,Standoff 2,UCqTjE54bhQ0tvtxaHHHM-hA,20,Gaming,"Standoff 2, Mobile games, Standoff, Мобильные игры, Стендофф, Стендофф 2, Стандофф, Стандофф 2, Шутер, Стрелялка, Shooter, FPS, Шутер от первого лица, Axlebolt",14,https://i.ytimg.com/vi/XKUmKxZYl-w/hqdefault.jpg,en,ru,False,97,PT1M37S,hd,False,True,False,False,395370,22291,5079
bosYTCzjDYk,MD,2026-03-19T03:26:49.938550+00:00,2026-03-13T13:06:46Z,Azi e Ziua Mea... ȘI NU A VENIT NIMENI! *foarte trist*,Azi e Ziua Mea... ȘI NU A VENIT NIMENI! *foarte trist*,Valeriu Coadă,UC_32_jCCgcliuN9V8st1P1Q,20,Gaming,,0,https://i.ytimg.com/vi/bosYTCzjDYk/hqdefault.jpg,ro,ro,False,664,PT11M4S,hd,False,True,False,False,116013,10921,3022
pHm5R0PfMEU,MD,2026-03-19T03:26:49.938557+00:00,2026-03-07T10:00:07Z,Toni de la Brasov ❌️ Patrick Luis ❌️  Bunea Roberto ❌️ Ochii ăia frumoși foc ❌️ va urma episodul 2 !,Toni de la Brasov ❌️ Patrick Luis ❌️  Bunea Roberto ❌️ Ochii ăia frumoși foc ❌️ va urma episodul 2 !,AmmA Music & Sound,UCzg-KdISpftt0hjybLVYAhQ,10,Music,"manele 2026, manele noi, manele, florin salam, dani moanu, info de la napoli, Peter parker, pijamale, bodged dlp, ma suna nebunele, babasha, papaya, lele",13,https://i.ytimg.com/vi/pHm5R0PfMEU/hqdefault.jpg,ro,ro,False,231,PT3M51S,hd,False,True,False,False,1632886,19455,381
3_9vCamtuPY,MD,2026-03-19T03:26:49.938565+00:00,2026-03-17T16:19:02Z,Dune: Part Three | Official Teaser Trailer,Dune: Part Three | Official Teaser Trailer,Warner Bros.,UCjmJDM5pRKbUlVIzDYYWb6g,1,Film & Animation,"Action, Anya Taylor-Joy, Brian K Vaughan, Charlotte Rampling, Coming Soon, Denis Villeneuve, Dune, Dune Messiah, Dune: Part Three, Florence Pugh, Ida Brooke, Isaach De Bankolé, Jason Momoa, Javier Bardem, Messiah, Nakoa-Wolf Momoa, Rebecca Ferguson, Robert Pattinson, Sci Fi, Timothée Chalamet, Trilogy, Warner Bros, Zendaya",23,https://i.ytimg.com/vi/3_9vCamtuPY/hqdefault.jpg,en,en-US,False,150,PT2M30S,hd,True,False,False,False,13530414,481390,24485
KiqgzaXGvow,MD,2026-03-19T03:26:49.938573+00:00,2026-03-15T12:13:15Z,За мной СЛЕДИЛИ по дороге домой.. | The Kidnap,За мной СЛЕДИЛИ по дороге домой.. | The Kidnap,TheBrianMaps,UCyJrhZm9KXrzRub3-wD2zWg,24,Entertainment,"thebrianmaps, Брайн Мапс, юмор, хоррор игра, The Kidnap, Chilla's Art, прохождение",7,https://i.ytimg.com/vi/KiqgzaXGvow/hqdefault.jpg,ru,ru,False,3733,PT1H2M13S,hd,False,True,False,False,2304952,178104,6473
ymDo829OcRg,MD,2026-03-19T03:26:49.938581+00:00,2026-03-09T10:02:18Z,Satoshi - Viva Moldova! | Official Video,Satoshi - Viva Moldova! | Official Video,Satoshi,UCEi-h5UgglRYnyi6ISS-dAg,10,Music,"alionamoon, alionamoonsatoshi, doruledorule, doruledoruledumadorule, doruledumadorule, eurovision2026moldova, eurovisionmoldova, eurovisionmoldova2026, eurovisionsatoshi, satoshialionamoon, satoshidorule, satoshidumadorule, satoshieurovision, satoshilaeurovisionmoldov, satoshi, welcometomoldova",16,https://i.ytimg.com/vi/ymDo829OcRg/hqdefault.jpg,ro,en-US,False,178,PT2M58S,hd,False,True,False,False,230832,11957,1018
4lFnIlH06Sw,MD,2026-03-19T03:26:49.938589+00:00,2026-03-06T20:00:07Z,Digital Circus Ep 8 Trailer.,Digital Circus Ep 8 Trailer.,GLITCH,UCn_FAXem2-e3HQvmK-mOH4g,1,Film & Animation,"glitch, glitch productions, digital circus, the amazing digital circus, murder drones, Pomni, Uzi, Jax, Ragatha, Kinger, Gangle, Zooble, Caine, Bubble, 3D, Animation, 3D Animation, Indie Animation, Gummigoo",19,https://i.ytimg.com/vi/4lFnIlH06Sw/hqdefault.jpg,en,en,False,67,PT1M7S,hd,True,True,False,False,10701328,832727,49575
cqUapwR9cHw,MD,2026-03-19T03:26:49.938597+00:00,2026-03-17T12:15:10Z,НАС ПОГЛОТИЛИ ИЛЛЮЗИИ!😱 МИР ФОКУСОВ В МАЙНКРАФТ!,НАС ПОГЛОТИЛИ ИЛЛЮЗИИ!😱 МИР ФОКУСОВ В МАЙНКРАФТ!,ВЛАДУС,UCPG6OP7eL7kLuyFpQMdqYSA,20,Gaming,"Владус, Vladus, Владус и Лёня, Лёня, Владус и Лёня майнкрафт, minecraft, майнкрафт, иллюзия, майнкрафт иллюзия, майнкрафт головоломка, владус иллюзии, владус и лёня иллюзии, владус и леня иллюзии",13,https://i.ytimg.com/vi/cqUapwR9cHw/hqdefault.jpg,ru,ru,False,1077,PT17M57S,hd,False,True,False,False,419862,10688,882
WLCXh9o7gyQ,MD,2026-03-19T03:26:49.938605+00:00,2026-02-17T17:00:06Z,Anisoara G - Tu esti jumatatea mea (Official Audio),Anisoara G - Tu esti jumatatea mea (Official Audio),ALI Music,UCRiyJ9GUfbIW7j-UWTy2Rbw,10,Music,,0,https://i.ytimg.com/vi/WLCXh9o7gyQ/hqdefault.jpg,ro,ro,False,198,PT3M18S,hd,False,True,False,False,171318,829,19
eL7703PHxVk,MD,2026-03-19T03:26:49.938613+00:00,2026-03-18T14:01:07Z,Я СЪЕЛ СКУЛБОЯ!?😱 ЗОМБИ МОД В ПОБЕГ ОТ БЛОГЕРА😨,Я СЪЕЛ СКУЛБОЯ!?😱 ЗОМБИ МОД В ПОБЕГ ОТ БЛОГЕРА😨,Holy Baam,UCHVY_-jY-FayjszyX1nlGtQ,23,Comedy,"holy baam, леонид форостов, холи бам, холи баам, холибам, holybaam, holybam, shorts",8,https://i.ytimg.com/vi/eL7703PHxVk/hqdefault.jpg,ru,ru,False,784,PT13M4S,hd,False,True,False,False,191939,12399,1253
0Kh-wfwff38,MD,2026-03-19T03:26:49.938621+00:00,2026-03-06T15:00:07Z,IULIANA BEREGOI - AMPRENTE (Videoclip Oficial),IULIANA BEREGOI - AMPRENTE (Videoclip Oficial),Iuliana Beregoi,UCOCFz_qXw2gpFyWrXVudHkQ,10,Music,"iulianaberegoi, tzanca, beregoi, bostanica, santaj, linistea, amprente",7,https://i.ytimg.com/vi/0Kh-wfwff38/hqdefault.jpg,ro,ro,False,185,PT3M5S,hd,False,True,False,False,266890,7181,1106
xecQO4prWlA,MD,2026-03-19T03:26:49.938628+00:00,2026-03-18T12:01:53Z,ЗРЯ Я ПОПРОСИЛ ЭТОГО ЖИТЕЛЯ ПОМОЧЬ МНЕ В МАЙНКРАФТ | Компот Minecraft,ЗРЯ Я ПОПРОСИЛ ЭТОГО ЖИТЕЛЯ ПОМОЧЬ МНЕ В МАЙНКРАФТ | Компот Minecraft,Компот,UC0cWWruNMb95iCBEOzPnjRA,20,Gaming,"компот, майнкрафт, compot, minecraft, компот в майнкрафте, игры, роман компот, майн, зря я попросил этого жителя помочь мне в майнкрафт, зря, зря в майнкрафт, зря попросил, попросил, просьба в майнкрафт, просьба, просьба о помощи в майнкрафт, просьба о помощи, помощь в майнкрафт, помощь, помог, житель, житель в майнкрафт, житель помог мне в майнкрафт, яма, яма в майнкрафт, житель сломал мир майнкрафта, что натворил этот житель в майнкрафт, зря попросил помочь жителя",28,https://i.ytimg.com/vi/xecQO4prWlA/hqdefault.jpg,ru,ru,False,657,PT10M57S,hd,False,True,False,False,314580,7811,1130
ydDJyGUHG2w,MD,2026-03-19T03:26:49.938636+00:00,2026-03-09T08:34:06Z,Mzade - Makaveli (Original Mix),Mzade - Makaveli (Original Mix),Mzade,UCMnRQ3XfTwpA3OwNqbTSqwQ,10,Music,"mzade, makaveli, original mix, mzade mix, car music, car music mix, car bass, car bass music, tiktok music, house music, deep house, deep house music, deep house mix, deep house remix, deep house 2024, gangster music, gangster gang, sigma music, trend music, deep mage, deep life, deep mood, tiktok remix, slap house, bass music, mzade deyzzi, mzade makaveli, car music 2025, best car music, mzade music, mzade makaveli original mix",31,https://i.ytimg.com/vi/ydDJyGUHG2w/hqdefault.jpg,en,en,False,524,PT8M44S,hd,False,True,False,False,872260,4455,216
R6k_ASm-COg,MD,2026-03-19T03:26:49.938645+00:00,2026-03-14T14:06:52Z,"КОПАЙ, ЧТОБЫ СТАТЬ ГИГАНТОМ!😱 ХУДОЙ ПРОТИВ ОГРОМНОГО ЧЕЛЛЕНДЖ В РОБЛОКС!","КОПАЙ, ЧТОБЫ СТАТЬ ГИГАНТОМ!😱 ХУДОЙ ПРОТИВ ОГРОМНОГО ЧЕЛЛЕНДЖ В РОБЛОКС!",ВЛАДУС ИГРАЕТ,UCUzkpCMREk2AGgZwT55JizA,20,Gaming,"роблокс, roblox, выход закрыт роблокс, опасное место роблокс, роблокс хоррор, роблокс приключения, роблокс испытание, роблокс мини игры, роблокс история, владус роблокс, леня роблокс, владус и леня, копать роблокс, симулятор роблокс, симулятор копания роблокс",15,https://i.ytimg.com/vi/R6k_ASm-COg/hqdefault.jpg,ru,ru,False,876,PT14M36S,hd,False,True,False,False,782600,21749,1942
ZoVcKf16Gbk,MD,2026-03-19T03:26:49.938653+00:00,2026-02-19T21:00:39Z,"МОТ - Намёк на нас (Lyric Video, 2026)","МОТ - Намёк на нас (Lyric Video, 2026)",МОТ,UCKKsIRc-1LytrgiPLTKmNDQ,10,Music,"мот, портрет, мот портрет, слушать мот, матвей мельников, немножко множко тебя, мот мурашками, мот все песни, мот капкан, мот август это ты, мот перемены, мот когда мужчина влюблен, мот бьянка, мот и мария, мот ангелы не спят, ayka нехватка витамина д, август это ты мот текст, мот баста осень, мот новый альбом, мот клип, мот случайности не случайны, мот альбом, мот ани лорак сопрано текст песни, мот август навсегда, мот авторадио, мот не бруклин видео, мот август",27,https://i.ytimg.com/vi/ZoVcKf16Gbk/hqdefault.jpg,ru,ru,False,169,PT2M49S,hd,False,True,False,False,1916243,16205,280
fpxw0Iopc9U,MD,2026-03-19T03:26:49.938661+00:00,2026-03-18T08:10:19Z,"😱 Майнкрафт, но Мы Потеряли ВСЕ КОСТИ • [Полное Прохождение] + Фиксплей","😱 Майнкрафт, но Мы Потеряли ВСЕ КОСТИ • [Полное Прохождение] + Фиксплей",MrLololoshka (Роман Фильченков),UCAvrIl6ltV8MdJo3mV4Nl4Q,20,Gaming,"Лололошка, Lololoshka, MrLololoshka, Летсплей, Сборка, Скачать, Магия, Моды, Майнкрафт, Minecraft",10,https://i.ytimg.com/vi/fpxw0Iopc9U/hqdefault.jpg,ru,ru,False,1909,PT31M49S,hd,False,True,False,False,482459,35657,1504
Ng-Z6B_xqh4,MD,2026-03-19T03:26:49.938669+00:00,2026-03-17T10:00:37Z,Andia - As fi iubit-o | Official Video,Andia - As fi iubit-o | Official Video,ANDIA,UC_iJRimysEIAv1KidVQJQ-A,10,Music,"andia, as fi iubit-o, andia as fi iubit-o, as fi iubito, andia ultimul revers, andia pentru ca, andia dansam, andia inimi, andia intentionat, music, muzica romaneasca 2026, new song, official video, pop music, pop artist, pop artist song, top romanian music, ethos music, andia pata culoare",19,https://i.ytimg.com/vi/Ng-Z6B_xqh4/hqdefault.jpg,ro,ro,False,215,PT3M35S,hd,False,True,False,False,161590,4649,189
YqeUGJgvcOA,MD,2026-03-19T03:26:49.938677+00:00,2026-03-18T07:19:22Z,😱НОВЫЙ БРЕЙНРОТ🍀 ПОЛУЧИЛ La Lucky Grande со ВСЕМИ МУТАЦИЯМИ с МАКСИМАЛЬНОЙ УДАЧЕЙ в Steal a Brainrot,😱НОВЫЙ БРЕЙНРОТ🍀 ПОЛУЧИЛ La Lucky Grande со ВСЕМИ МУТАЦИЯМИ с МАКСИМАЛЬНОЙ УДАЧЕЙ в Steal a Brainrot,EroxBlox,UCMDSzea8f4CC53mZC3ViZug,20,Gaming,,0,https://i.ytimg.com/vi/YqeUGJgvcOA/hqdefault.jpg,ru,ru,False,1081,PT18M1S,hd,False,True,False,False,293715,7086,1380
4i0DDpHPLXk,MD,2026-03-19T03:26:49.938684+00:00,2026-03-15T10:53:01Z,Ты Говоришь Что Я Пьян (Elyxo Remix),Ты Говоришь Что Я Пьян (Elyxo Remix),Elyxo,UCaRgCzbE5oT2BhFfQkWf8Ng,22,People & Blogs,,0,https://i.ytimg.com/vi/4i0DDpHPLXk/hqdefault.jpg,en,ru,False,549,PT9M9S,hd,False,True,False,False,109081,320,26
8h0CADS41Lk,MD,2026-03-19T03:26:49.938691+00:00,2026-03-18T06:45:00Z,"СТРОЮ БУНКЕР, ЧТОБЫ ЗАЩИТИТЬ МАЛЫША АЛЁНУ ОТ ЗЛОГО КЛОУНА В БРУКХЕЙВЕН в ROBLOX!","СТРОЮ БУНКЕР, ЧТОБЫ ЗАЩИТИТЬ МАЛЫША АЛЁНУ ОТ ЗЛОГО КЛОУНА В БРУКХЕЙВЕН в ROBLOX!",Family Play TV,UCNJwQAU08P3muRZkZUOvx5A,20,Gaming,,0,https://i.ytimg.com/vi/8h0CADS41Lk/hqdefault.jpg,ru,ru,False,1465,PT24M25S,hd,False,True,False,False,252606,7904,229
9ny7SVoKang,MD,2026-03-19T03:26:49.938698+00:00,2026-03-10T15:00:30Z,"Там за рекой — Шансон, который пробирает до души","Там за рекой — Шансон, который пробирает до души",Голос Шансона,UCYDG8kZww12RpW-ZgleE2Iw,10,Music,"шансон, русский шансон, новые песни шансон, душевный шансон, песня шансон, шансон 2026, лучшие песни шансон, русская музыка, песни со смыслом, душевные песни, шансон про жизнь, шансон про любовь, новая песня, там за рекой, песня там за рекой, русские песни, мужской вокал, лирическая песня, музыка для души, песни о жизни, песни о судьбе, эмоциональная песня, ночная музыка, атмосферная музыка, душевная музыка, русский хит, новая русская песня, красивая песня",28,https://i.ytimg.com/vi/9ny7SVoKang/hqdefault.jpg,ru,ru,False,328,PT5M28S,hd,False,True,False,False,143396,1018,50
wmW2o7hZRIo,MD,2026-03-19T03:26:49.938706+00:00,2026-03-17T14:19:28Z,CE ALEGI DAR SE INTAMPLA 🤣,CE ALEGI DAR SE INTAMPLA 🤣,iSilent,UC4tcRE6ezR1ChjNUHM0kbmA,20,Gaming,"isilent, isilent se joaca, jocuri",3,https://i.ytimg.com/vi/wmW2o7hZRIo/hqdefault.jpg,ro,ro,False,949,PT15M49S,hd,False,True,False,False,69245,2937,237
Mj0fanWujPg,MD,2026-03-19T03:26:49.938713+00:00,2026-03-03T10:00:07Z,Theo Rose - Rai pe Pamant | Official Video,Theo Rose - Rai pe Pamant | Official Video,Theo Rose,UCm8wnlLQgmzgMtnYfWqx2xw,10,Music,"rose, theo, theorose, vlog, vlogger",5,https://i.ytimg.com/vi/Mj0fanWujPg/hqdefault.jpg,ro,ro,False,235,PT3M55S,hd,False,True,False,False,2389349,29697,665
0vnn0Zv0lP8,MD,2026-03-19T03:26:49.938720+00:00,2026-03-14T14:13:24Z,Brawl Stars Championship 2026 | March Monthly Finals | East Asia,Brawl Stars Championship 2026 | March Monthly Finals | East Asia,Brawl Stars Esports,UCjvzNXGGlnC4jcCnhglf8-Q,20,Gaming,"BSC, Brawl Stars, Esports, Brawl Stars Esports, gaming, sports",6,https://i.ytimg.com/vi/0vnn0Zv0lP8/hqdefault.jpg,en,en,False,23032,PT6H23M52S,hd,False,True,False,False,1387301,11524,97
e6gEOaRVWd0,MD,2026-03-19T03:26:49.938728+00:00,2026-03-05T22:19:41Z,Ярослав Леонов — Королева весны (Текст песни),Ярослав Леонов — Королева весны (Текст песни),Ярослав Леонов,UC20WT22AGOjqghVU0yVTKKg,10,Music,,0,https://i.ytimg.com/vi/e6gEOaRVWd0/hqdefault.jpg,ru,ru,False,226,PT3M46S,hd,False,False,False,False,622718,12225,751
R-902GuabIM,MD,2026-03-19T03:26:49.938735+00:00,2026-03-15T11:53:10Z,😱Я Нашёл ЗАБРОШЕННЫХ БРЕЙНРОТОВ в РЕАЛЬНОЙ ЖИЗНИ...,😱Я Нашёл ЗАБРОШЕННЫХ БРЕЙНРОТОВ в РЕАЛЬНОЙ ЖИЗНИ...,Нолик Roblox,UCX9NBSE69VQC0f5mgXqQO8g,20,Gaming,"нолик, нолик роблокс, роблокс, roblox, вырасти сад, вырасти сад роблокс, гров а гарден, гров э гарден, нолик вырасти сад, секреты вырасти сад, Заброшенные брейнроты, Брейнроты в реальной жизни, брейнроты",13,https://i.ytimg.com/vi/R-902GuabIM/hqdefault.jpg,ru,ru,False,1016,PT16M56S,hd,False,True,False,False,408193,15462,2654
ifQ0fqj0yjw,MD,2026-03-19T03:26:49.938742+00:00,2026-02-23T17:00:06Z,Dani Mocanu - Info de la Napoli | Official Video,Dani Mocanu - Info de la Napoli | Official Video,Dani Mocanu,UCGc991mofGxjO3-haaRENDg,10,Music,"Dani Mocanu, Daniel Mocanu, Manea, Manele, HiT",5,https://i.ytimg.com/vi/ifQ0fqj0yjw/hqdefault.jpg,ro,ro,False,262,PT4M22S,hd,False,False,False,False,6550353,94780,4423
ezBmwqFV0dw,MD,2026-03-19T03:26:49.938750+00:00,2026-03-18T12:46:31Z,"ЗАСНАЙПИЛ ХОЛДИКА ПОКА ОН АПАЛ 200К, И ОН ... 😱😱😱 ПУШ КУБКОВ В БРАВЛ СТАРС!","ЗАСНАЙПИЛ ХОЛДИКА ПОКА ОН АПАЛ 200К, И ОН ... 😱😱😱 ПУШ КУБКОВ В БРАВЛ СТАРС!",BEZSMERTNY BS ,UCcOYr_9bA5_uPJ-6uFOrxZw,20,Gaming,"бравл старс, brawl stars, бравл, ЗАСНАЙПИЛ ХОЛДИКА ПОКА ОН АПАЛ 200К, ЗАСНАЙПИЛ ХОЛДИКА В БРАВЛ СТАРС, ЗАСНАЙПИЛ ХОЛДИКА, ЗАСНАЙПИЛ ХОЛДИКА И ОН СГОРЕЛ, ПУШ 200К КУБКОВ БРАВЛ СТАРС, холдик, holdik, холдик бравл, ВЫИГРАЛ ТОП 1 МИРА, АПНУЛ ТОП 1 МИРА В БРАВЛ СТАРС, СЫГРАЛ ПРОТИВ ТОП 1 МИРА, 3 ПРАЙМ БРАВЛ СТАРС, как апнуть 2 прайм бравл старс, ХОЛДИК БОМБИТ, СГОРЕЛ СГОРЕЛ, ХОЛДИК БОМБИТ НА БЕССМЕРТНОГО, бессмертный, bezsmertny, витал шарк, снайп бравл старс, заснайпил, бравл пасс, бс",26,https://i.ytimg.com/vi/ezBmwqFV0dw/hqdefault.jpg,ru,ru,False,1536,PT25M36S,hd,False,True,False,False,212274,11432,963
9UyrAOQV4qU,MD,2026-03-19T03:26:49.938758+00:00,2026-03-05T15:59:03Z,Alina Eremia x Andrei Banuta - Iubirea intr-un om | Official Video,Alina Eremia x Andrei Banuta - Iubirea intr-un om | Official Video,Alina Eremia,UCfuFmKmtny4iQmDK6wREP4w,10,Music,"alina eremia, iubirea intr-un om, alina eremia iubirea intr-un om, andrei banuta, andrei banuta iubirea intr-un om, alina eremia andrei banuta iubirea intr-un om, alina eremia andrei banuta, official video, Alina Eremia x Andrei Banuta - Iubirea intr-un om | Official Video, official audio, official audios, global records, 2026, mattman music, romantic",15,https://i.ytimg.com/vi/9UyrAOQV4qU/hqdefault.jpg,ro,ro,False,171,PT2M51S,hd,False,True,False,False,1271191,9952,281
dPEaUrSRet0,MD,2026-03-19T03:26:49.938766+00:00,2026-03-16T11:01:12Z,NU Mai Sunt LOCUL 1 în România pe Steal a Brainrot...,NU Mai Sunt LOCUL 1 în România pe Steal a Brainrot...,Simplistu Gaming,UCRy2sEdiPjKENM9e_fyaiTQ,20,Gaming,"Simplistu, Fortnite, Gaming, Simplistu Fortnite, Simplistu FiveM, Roblox, Steal A Brainrot, Strawberry Elephant, Simplistu Roblox, Simplistu Steal A Brainrot, Cel Mai Bun Jucator De Steal A Brainrot, Simplistu MEOWL, MEOWL, Steal A Brainrot Romania, Simplistu SAB, Simplistu OG, Simplistu Gaming",17,https://i.ytimg.com/vi/dPEaUrSRet0/hqdefault.jpg,ro,ro,False,1098,PT18M18S,hd,False,True,False,False,71933,2657,130
PaZqUjteLso,MD,2026-03-19T03:26:49.938773+00:00,2026-03-11T13:00:06Z,Azimov - Almost Yours (Romantic Deep House),Azimov - Almost Yours (Romantic Deep House),AZIMOV ,UCUysmwgsIwa08vP0fyeQD7w,10,Music,"Azimov, Dndm, Relax Music, Love Music, Emotional, Ethnic Music, Arabian Song, Algeriya, Israel, Turkey, Istanbul, Georgia, Turkiye, Australia, Car Music, Thailand, Hindi Song, Singapore, French, Korea, Baku, Azerbaycan, New York, Canada, Pakistan, TikTok Trend, TikTok Remix, Girl Music, deep house, romantic deep house, french vocals, chill music, night drive music, summer vibes, house music 2025, chill house, The Avener, Kungs, lounge music, relaxing house, Paris nights, female vocalist",42,https://i.ytimg.com/vi/PaZqUjteLso/hqdefault.jpg,en-US,en-US,False,584,PT9M44S,hd,False,True,False,False,283801,1222,62
I19L8TJdUUI,MD,2026-03-19T03:26:49.938781+00:00,2026-03-18T12:15:16Z,Fur BRAINROTI ca PITIC MIC in Roblox...,Fur BRAINROTI ca PITIC MIC in Roblox...,INSANITY,UCvx6iMuRRBS49A-vjmuISjQ,20,Gaming,"INSANITY, INSANITY2, QSanity, QSanityy, QSanity2, Jocuri, INSANITY Canal nou, Noul canal, QSanity 2, insanity noul canal, insanity 2, qsanity 2, qsanity noul canal, qsaniti, roblox, sora, steal a brainrot, steal a brainrot lucky block, admin abuse, caine, romania, movie, thriller, horror movie",24,https://i.ytimg.com/vi/I19L8TJdUUI/hqdefault.jpg,ro,ro,False,1256,PT20M56S,hd,False,True,False,False,27444,1082,59
fQbEuS9GO3E,MD,2026-03-19T03:26:49.938789+00:00,2026-03-18T15:00:00Z,BTS (방탄소년단) ‘SWIM’ Official Teaser 2,BTS (방탄소년단) ‘SWIM’ Official Teaser 2,HYBE LABELS,UC3IZKseVpdzPSBaWxBxundA,10,Music,"HYBE, HYBE LABELS, 하이브, 하이브레이블즈",4,https://i.ytimg.com/vi/fQbEuS9GO3E/hqdefault.jpg,ko,ko,False,27,PT27S,hd,False,True,False,False,3108444,826878,77009
kozn5aSldcg,MD,2026-03-19T03:26:49.938796+00:00,2026-03-15T20:18:08Z,"Brawl Stars Championship 2026 - Ежемесячный финал, Март - EMEA #stream #BSC26","Brawl Stars Championship 2026 - Ежемесячный финал, Март - EMEA #stream #BSC26",Skiller Gaming,UCWHtTL_fQCY3rbtw-uTpOIg,20,Gaming,"Skiller, скиллер гейминг, новости, обновление, brawl, stars, бравл, старс, прохождение, тактики, стратегия, бравлер, новый, персонаж, браво, supercell, star, суперселл, supercell id, стрим, прямая трансляция, чемпионат мира, испытание чемпиона, испытание чемпионата, лучший в мире, emea, европа, киберспорт, финал, esports, геймплей, топ, самый, сильный, sk, гранд финал, самый сильный, самый лучший, приз, чемпион, чемпионат",41,https://i.ytimg.com/vi/kozn5aSldcg/hqdefault.jpg,ru,ru,False,23665,PT6H34M25S,hd,False,True,False,False,407545,2317,24
nHOHiVQjpHA,MD,2026-03-19T03:26:49.938805+00:00,2026-03-08T08:00:06Z,Руслан Набиев - По ресторанам (Akmalov Cover 2026),Руслан Набиев - По ресторанам (Akmalov Cover 2026),Akmalov,UCY8CxFx8LD0Zs_z8dtlq3UQ,22,People & Blogs,,0,https://i.ytimg.com/vi/nHOHiVQjpHA/hqdefault.jpg,en,ru,False,362,PT6M2S,hd,False,True,False,False,61886,216,4
oW8S_G4PriQ,MD,2026-03-19T03:26:49.938812+00:00,2026-03-18T13:39:46Z,МЕНЯ ЗАБАНИЛИ😭 БЕССМЕРТНЫЙ ТЫ ПОБЕДИЛ,МЕНЯ ЗАБАНИЛИ😭 БЕССМЕРТНЫЙ ТЫ ПОБЕДИЛ,Holdik,UCM6hH7Xa0oanOQeh5RxeRAQ,20,Gaming,"холдик, holdik",2,https://i.ytimg.com/vi/oW8S_G4PriQ/hqdefault.jpg,ru,ru,False,1493,PT24M53S,hd,False,True,False,False,188654,12005,1172
1Wv7Nyu-AqY,MD,2026-03-19T03:26:49.938819+00:00,2026-03-13T14:00:06Z,Zmeex & Ozzem - Impossible (Original Mix),Zmeex & Ozzem - Impossible (Original Mix),Zmeex Music,UCe6azaMRBWqZ6J-w3XQL6xQ,22,People & Blogs,"zmeex, zmeexmusic, carmusic, carbassmusic, techno, technohouse, technomusic, deephouse, hamidshax, bestmusic, xezzo, gangstermusic, hypertechno, bass, housemusic, originalmix, topmusic",17,https://i.ytimg.com/vi/1Wv7Nyu-AqY/hqdefault.jpg,ru,ru,False,366,PT6M6S,hd,False,True,False,False,337718,1767,141
KwabEEN2ugw,MD,2026-03-19T03:26:49.938827+00:00,2026-03-16T11:27:30Z,Я Нашел СЕБЕ ДЕВУШКУ в Tsunami Brainrots РОБЛОКС,Я Нашел СЕБЕ ДЕВУШКУ в Tsunami Brainrots РОБЛОКС,Хэппи 2,UCSIwSzP5WmSXyIWpQ8gzu2A,20,Gaming,"роблокс, roblox, ESCAPE TSUNAMI FOR BRAINROTS, цунами из брейнротов, спаси брейнротов от цунами, цунами против брейнротов, цунами брейнроты прохождение, цунами, укради брейнрот, укради брейнрот роблокс, brainrot, брейнрот роблокс, роблокс брейнрот, roblox брейнрот, брейнрот roblox, дюп в цунами, ерокс, erox, фиксай, хэппи, хепи, хеппи, хепи фреш, happy fresh, хэппи2, роблокс секреты, секреты роблокс, спаси брейнрота от цунами, спаси брейнротов от цунами в роблокс, роблокс цунами",30,https://i.ytimg.com/vi/KwabEEN2ugw/hqdefault.jpg,ru,ru,False,1379,PT22M59S,hd,False,True,False,False,284923,6571,838
3FH7QbZ0IXg,MD,2026-03-19T03:26:49.938835+00:00,2026-03-05T21:06:14Z,Miyagi & Эндшпиль feat. масло черного тмина -  Wisdom (Official Audio),Miyagi & Эндшпиль feat. масло черного тмина -  Wisdom (Official Audio),Hajime,UCApdP81v1rMFGiFUq-A7vBQ,10,Music,,0,https://i.ytimg.com/vi/3FH7QbZ0IXg/hqdefault.jpg,ru,ru,False,222,PT3M42S,hd,False,True,False,False,890831,26511,2016
0NncHGKLVSo,MD,2026-03-19T03:26:49.938843+00:00,2026-03-18T13:15:01Z,ЧАС РАДОСТИ,ЧАС РАДОСТИ,windy31,UCZUrS0zDszsXI_5ir_tI3cg,24,Entertainment,"Poppy Playtime, Poppy Playtime глава 5, Poppy Playtime хагги, хагги вагги, huggy wuggy, Поппи, Поппи плейтайм, поппи плейтайм глава 5, винди, винди31, поппи сюжет, поппи секреты",12,https://i.ytimg.com/vi/0NncHGKLVSo/hqdefault.jpg,ru,ru,False,1083,PT18M3S,hd,False,True,False,False,385106,32742,2707
JHkMjg4S-KA,MD,2026-03-19T03:26:49.938851+00:00,2026-03-10T21:00:20Z,RAIKAHO - Засыпай спокойно душа (Official Audio),RAIKAHO - Засыпай спокойно душа (Official Audio),RAIKAHO,UCw8Kwpb4C-lniB95RvG4wNQ,10,Music,"raikaho, райкахо, райкахо ты самая красивая, музыка в машину, raikaho летит патруль, jony, xcho, райкано, janaga, anna asti, macan, ramil, avg, музыка в дорогу, песня для души, голос, по парам, buga, andro, hit, killiana, asti, треки которые качают, не по любви, новинки, песни в тачку, топ, популярные, alib, дворовая песня, лиричиский денс, песни в дорогу, из черного мерина, премьера трека, хит лета 2026, лирика 2026, хиты 2026, музыка, музыка 2026, jakone, топ чарт, засыпай спокойно душа",42,https://i.ytimg.com/vi/JHkMjg4S-KA/hqdefault.jpg,az,ru,False,141,PT2M21S,hd,False,False,False,False,83702,1422,61
Ha82T9qyHqw,MD,2026-03-19T03:26:49.938859+00:00,2026-03-17T13:23:02Z,DONEZ TOT pe Roblox RIVALS !,DONEZ TOT pe Roblox RIVALS !,Bonus SKY,UCax6yhRcu4YsquCJiRB_vwQ,20,Gaming,"jocuri horror, jocuri, horror, gaming, minecraft, roblox, romania, ro, creepy, iraphahell, scary, maxinfinite, marius iancu, fnaf, jocuri horor, horor, iugin, highman, isilent, ihatepink, five, nights, at, freddys, ben, the, backrooms, legende, snik, live, stream, cartoon, cat, sky, paranormal, reactie, xslayder, codrin, scp, amuzant, speed, demo, scoala, rapha, capybara, playtime, doors 2, life of luxury, ohio, update, secrete, banban 4, capra din ohio, skibidi wc, mcdonalds, tatal, strict, sammy, 99 nopti, steal a brainrot, sora",61,https://i.ytimg.com/vi/Ha82T9qyHqw/hqdefault.jpg,ro,ro,False,785,PT13M5S,hd,False,True,False,False,42826,2429,185
N7w72Zl6D_o,MD,2026-03-19T03:26:49.938867+00:00,2026-02-10T06:00:06Z,"Jakone, Kiliana - Жиганская (HEDDO Cover 2026)","Jakone, Kiliana - Жиганская (HEDDO Cover 2026)",HEDDO,UCLWOzn8cNLoiY0doCw4l_Rg,10,Music,"jakone, kiliana, Жиганская, heddo, heddo music, remix, Жиганская remix, jakone remix, kiliana remix, jakone 2026, музыка, музыка 2026, ремикс 2026",13,https://i.ytimg.com/vi/N7w72Zl6D_o/hqdefault.jpg,uk,ru,False,204,PT3M24S,hd,False,True,False,False,1180369,4792,46
