video_id,country,fetched_at,published_at,title,localized_title,channel_title,channel_id,category_id,category_name,tags,tag_count,thumbnail,default_language,audio_language,is_live,duration,duration_raw,definition,caption_available,licensed_content,embeddable,made_for_kids,views,likes,comments
mP62uBRAjnk,MK,2026-09-29T06:01:32.709671+00:00,2026-09-14T13:00:18Z,MAGLA - KRIVE DRINE (Album KRIVE DRINE 2026),MAGLA - KRIVE DRINE (Album KRIVE DRINE 2026),MAGLA,UCrPxTQOR0OMOEWV_77OMp5Q,10,Music,"magla, bend, magla bend, magla band, krive drine, neka ti mali nosi moje ime, volim iz daljine, album, 2026, novo, nove pesme, da bog da, cini mi se, cini",14,https://i.ytimg.com/vi/mP62uBRAjnk/hqdefault.jpg,sr,sr,False,177,PT2M57S,hd,False,True,False,False,4364729,26206,750
BczCqQDr16w,MK,2026-09-29T06:01:32.709719+00:00,2026-09-26T18:07:11Z,KO ĆE UKRASTI SKUPLJA JAJA,KO ĆE UKRASTI SKUPLJA JAJA,Novke,UCURlpFWEyij724FND2MEs0w,23,Comedy,"novke, novisha, novisa, novcic, aleksandar novcic, 24 sata, ymurke, skrivaci, smiga, smigicka, djape, novketova devojka, novketov brat, novke i smigicka, novke i smiga, smuga, nofke, nobke, caki, defko, novke majice, smiga majice",22,https://i.ytimg.com/vi/BczCqQDr16w/hqdefault.jpg,sr,sr,False,2122,PT35M22S,hd,False,True,False,False,418571,8200,395
s_JQEVcu9yI,MK,2026-09-29T06:01:32.709727+00:00,2026-09-28T15:00:06Z,Bujar Mustafa - Belaja,Bujar Mustafa - Belaja,BM Official,UCThHIgsYfUzmpStJEZtF8jw,10,Music,,0,https://i.ytimg.com/vi/s_JQEVcu9yI/hqdefault.jpg,sq,sq,False,163,PT2M43S,hd,False,True,False,False,104113,2491,93
UxM4MHVce6w,MK,2026-09-29T06:01:32.709733+00:00,2026-09-23T17:39:03Z,PRVI PUT KRADEM JAJA,PRVI PUT KRADEM JAJA,Smigicka,UCekojv1JKhvr5rGag0TCOug,23,Comedy,"smigicka, smiga, smuga, smega, smoga, aleksandrasmigic, sminka, novke i smiga, dress to impress, dti, oblacim se, putovanja, vlog, defko i caki, kradem, jaja, roblox, kradja, steal an egg",19,https://i.ytimg.com/vi/UxM4MHVce6w/hqdefault.jpg,sr,sr,False,1233,PT20M33S,hd,False,True,False,False,357516,6086,428
W4z39JRL36U,MK,2026-09-29T06:01:32.709739+00:00,2026-09-23T16:00:06Z,"Si ljubela, kje ljubis – Pijan Slavej, Karolina Gočeva, Dragi Ivanov (Official Visualizer)","Si ljubela, kje ljubis – Pijan Slavej, Karolina Gočeva, Dragi Ivanov (Official Visualizer)",Karolina Goceva,UC331hF31Dc6jBsqYg18JXjQ,10,Music,,0,https://i.ytimg.com/vi/W4z39JRL36U/hqdefault.jpg,mk,mk,False,195,PT3M15S,hd,False,True,False,False,32995,704,47
GtoOqFzG0rY,MK,2026-09-29T06:01:32.709744+00:00,2026-09-29T05:31:57Z,MOJ NAJTEZI CHALLENGE DO SAD,MOJ NAJTEZI CHALLENGE DO SAD,Nugato,UCT1xv_rVS0bvk8ZSz7AKqDw,20,Gaming,"Nugato, baba, Balkan, GTA V, CSGO",5,https://i.ytimg.com/vi/GtoOqFzG0rY/hqdefault.jpg,sr,en,False,35172,PT9H46M12S,hd,False,True,False,False,159539,4550,6
chb6WRQgWw4,MK,2026-09-29T06:01:32.709750+00:00,2026-09-14T14:00:06Z,Xhafer Ahmetaj - ÇLIRIMTARËT,Xhafer Ahmetaj - ÇLIRIMTARËT,Xhafer Ahmetaj,UCiJDHyEqeNgiGv3LRhTG3JA,10,Music,"baresha music, baresha, bareshamusic, xhafer ahmetaj, XhaferAhmetaj, Xhafer Ahmetaj, xhafa, xhafer vlora ahmetaj, Xhafer Vlora Ahmetaj, hite, hite popullore, hitet popullore, hite folk, hitet folklorike, hitet 2025, Xhafer Ahmetaj - ÇLIRIMTARËT, Hashim Thaqi, Hashim, Xhafer, Ahmetaj, ÇLIRIMTARËT, Jakup Krasniqi, Popullore, Muzik, Shqip, Muzik Shqip, Shqip 2026, Kenge, Te reja, 2026",30,https://i.ytimg.com/vi/chb6WRQgWw4/hqdefault.jpg,sq,sq,False,185,PT3M5S,hd,False,True,False,False,1882817,8294,206
IpaBhGGsRDQ,MK,2026-09-29T06:01:32.709756+00:00,2026-09-28T14:10:19Z,U RIKTHEVA PAK TE EMERGENCY HAMBURG ME VJEDH,U RIKTHEVA PAK TE EMERGENCY HAMBURG ME VJEDH,AbazajBlox,UCRpfspaueeEFOIFloXSEZog,20,Gaming,,0,https://i.ytimg.com/vi/IpaBhGGsRDQ/hqdefault.jpg,sq,sq,False,2118,PT35M18S,hd,False,True,False,False,42277,1167,111
AQkWimi9KhQ,MK,2026-09-29T06:01:32.709761+00:00,2026-09-26T11:28:28Z,Natasa Bekvalac - One Night with Natasa - Live Session,Natasa Bekvalac - One Night with Natasa - Live Session,Natasa Bekvalac,UCYd42uqEFBlXl-THI-QtDUQ,24,Entertainment,"natasa bekvalac, Natasa Bekvalac, natasa, bekvalac, album mama, MAMA, mama, bekvalceva, natasa bekvalac album, natasa bekvalac novo, album 2025, album mama 2025, album natasa novo, mama 2025, nove pesme natasa bekvalac, alal ti vera album mama, official video, izlecena, izlecena nova pesma, yt, tea tariovic pesme, aleksandra prijovic pesme, live pesme, live pevanje, live izvodjenje koncert, jelena karleusa pesme, folk pesme, pop, bekvalac uzivo, live pevanje mix",30,https://i.ytimg.com/vi/AQkWimi9KhQ/hqdefault.jpg,sr,sr,False,1980,PT33M,hd,False,True,False,False,197887,2222,119
PyLGTmWz37U,MK,2026-09-29T06:01:32.709767+00:00,2026-09-26T16:00:04Z,I Found My 13 Year Old Minecraft World,I Found My 13 Year Old Minecraft World,MrBeast Gaming,UCIPPMRA040LQr5QPyJEbmXA,20,Gaming,,0,https://i.ytimg.com/vi/PyLGTmWz37U/hqdefault.jpg,en,en,False,979,PT16M19S,hd,True,True,False,False,23297202,437513,15060
6gPb-GTy6Q8,MK,2026-09-29T06:01:32.709772+00:00,2026-09-10T16:00:06Z,Dafina Zeqiri x Matolale - Nje Dance,Dafina Zeqiri x Matolale - Nje Dance,Dafina Zeqiri,UCrv0PJoutcRhHkSMJYoXAIQ,10,Music,"Dafina Zeqiri, Matolale, Nje Dance, Dafina Zeqiri x Matolale, Dafina Zeqiri x Matolale - Nje Dance, dafina zeqiri, matolale, dafina zeqiri matolale, dafina zeqiri matolale nje dance, DAFINA ZEQIRI, dafina, zeqiri, prishtina, kosova, albania, duffye",16,https://i.ytimg.com/vi/6gPb-GTy6Q8/hqdefault.jpg,sq,en,False,170,PT2M50S,hd,False,True,False,False,4083793,20933,267
vIw2EfYbZRg,MK,2026-09-29T06:01:32.709777+00:00,2026-09-29T03:47:11Z,A JES DOBAR AUDI 🔥,A JES DOBAR AUDI 🔥,Jevta,UCUH2dJP6rQ-_PZdbsLBe32A,20,Gaming,"gta, gtarp, jevta, revolucija, roleplay, balkan roleplay, nugato, baka, choda, gtav, balkanrp, revolucijarp, pd potera, Jevtaa, pljacka, pljackanje, pljacka fivem, pd, jefta gta, jefta",20,https://i.ytimg.com/vi/vIw2EfYbZRg/hqdefault.jpg,hr,sr,False,29998,PT8H19M58S,hd,False,True,False,False,38574,1907,0
aEo1SE9cS94,MK,2026-09-29T06:01:32.709783+00:00,2026-09-07T16:00:32Z,Adri & Iliriana - Qika Jem (Dasma e Erzes),Adri & Iliriana - Qika Jem (Dasma e Erzes),AINA Entertainment,UCn-lFKTfgmfLwUqdo-NQ6Rw,24,Entertainment,"adri, iliriana, qika jem, gertit, aina entertainment",5,https://i.ytimg.com/vi/aEo1SE9cS94/hqdefault.jpg,sq,sq,False,177,PT2M57S,hd,False,True,False,False,3676660,12275,289
pFK2G4yMeSM,MK,2026-09-29T06:01:32.709788+00:00,2026-09-27T10:00:09Z,KO ĆE PRVI PRONAĆI IGLU U SENU?,KO ĆE PRVI PRONAĆI IGLU U SENU?,VukAleksandra Gaming,UCEL8vuXXa3lNLnESjcXX2Vg,20,Gaming,"vukaleksandra, vukaleksanragaming, gaming, igrice, vuk, aleksandra, roblox",7,https://i.ytimg.com/vi/pFK2G4yMeSM/hqdefault.jpg,sr,sr,False,954,PT15M54S,hd,False,True,False,False,101068,1713,105
SrFXvFZwJKU,MK,2026-09-29T06:01:32.709793+00:00,2026-09-09T16:00:05Z,2Bona - Legendi,2Bona - Legendi,Gorilla TV,UCUof8WMxb4ofcUnkvP3ME_Q,10,Music,"2Bona, Legendi, GorillaTV",3,https://i.ytimg.com/vi/SrFXvFZwJKU/hqdefault.jpg,hr,mk,False,144,PT2M24S,hd,True,True,False,False,422741,3123,205
5hG_nAYEC2g,MK,2026-09-29T06:01:32.709798+00:00,2026-09-20T00:00:06Z,How I Saved the World's Largest Minecraft Server,How I Saved the World's Largest Minecraft Server,Wemmbu,UCkzzNLnuM-VsATWC53ehwOQ,20,Gaming,"wemmbu, unstable smp, wembu, wenbu, wemmbu unstable smp, eggchan, unstable universe, parrotx2, minecraft, unstable smp in order, minecraft smp, unstable smp in order wemmbu, unstable smp latest video, unstable smp new video, wemmbu assassin, wemmbu invis player, unstable blue invis player, eggchan missing, flamefrags, egchan, 100 days, wemmbu eggchan, minecraft purge, purge, minecraft simulation, spoke, null, How I Saved the World's Largest Minecraft Server",28,https://i.ytimg.com/vi/5hG_nAYEC2g/hqdefault.jpg,en-US,en-US,False,14395,PT3H59M55S,hd,False,True,False,False,18863537,327663,25483
syvr5pSSvTg,MK,2026-09-29T06:01:32.709804+00:00,2026-09-24T14:06:02Z,2TON - BELA,2TON - BELA,2TONoffical,UCjPvfXJmB0pVSYAgchVOTbA,10,Music,"2TON, BELA, 2TON - BELA, 2Ton, 2ton, Bela, bela, 2ton bela, 2ton - bela, Tirana, Prishtina, Kosova, Albania, Music, Hite shqip, Hitet 2026, HipHop, shqip, hitet",19,https://i.ytimg.com/vi/syvr5pSSvTg/hqdefault.jpg,en,sq,False,153,PT2M33S,hd,False,True,False,False,362241,3812,166
8BxEyP8F1B0,MK,2026-09-29T06:01:32.709809+00:00,2026-09-28T18:00:29Z,STRAŠNE TAJNE U POZNATIM IGRICAMA!,STRAŠNE TAJNE U POZNATIM IGRICAMA!,Dex Rock,UC9-OsEfAts7_SaTRQOBRgjw,20,Gaming,DexRock,1,https://i.ytimg.com/vi/8BxEyP8F1B0/hqdefault.jpg,sr,sr,False,895,PT14M55S,hd,False,True,False,False,42438,1879,109
DI-Nqm_3irc,MK,2026-09-29T06:01:32.709814+00:00,2026-09-26T19:10:03Z,Milan Popov – Puste pare proklete / Sam sam | PINKOVE ZVEZDE,Milan Popov – Puste pare proklete / Sam sam | PINKOVE ZVEZDE,Pinkove zvezde,UCx2pMNj9ITSuM588Xlbux0g,24,Entertainment,"pinkove zvezde 2026, pinkove zvezde uživo, live nastup, uživo muzika, narodna muzika, rok muzika, pop muzika, zvezde granda, desingerica, jelena karleuša, zorica brunclik, bosanac, viki miljković, dragomir despić desingerica, пинкове звезде",15,https://i.ytimg.com/vi/DI-Nqm_3irc/hqdefault.jpg,sr,sr,False,226,PT3M46S,hd,False,True,False,False,278515,1357,307
LHBf7CAkf2M,MK,2026-09-29T06:01:32.709820+00:00,2026-09-26T11:21:41Z,Tko će Napravit Najskuplju Bazu?,Tko će Napravit Najskuplju Bazu?,MarkoKC,UCYcXicWbPZ-p2zQRStpYrEg,20,Gaming,"roblox, steal an egg, roblox steal an egg, steal an egg gameplay, roblox srbija, roblox igra srbija, marko kofs, markokc, marko kofs i markokc, roblox saradnja, steal an egg srbija, roblox nova igra 2026, roblox brainrot igra, roblox trending igre, roblox jaje igra, roblox krađa jaja, roblox gameplay srbija, roblox sa prijateljem, najbolje roblox igre 2026, roblox smešno srbija",20,https://i.ytimg.com/vi/LHBf7CAkf2M/hqdefault.jpg,sr,hr,False,1113,PT18M33S,hd,False,True,False,False,130258,2161,142
_nFZzPxmu6E,MK,2026-09-29T06:01:32.709826+00:00,2026-09-11T21:12:56Z,Cllevio x Mc Kresha - Ganggo Mohicani 44,Cllevio x Mc Kresha - Ganggo Mohicani 44,Cllevio Masoni 44 Official,UCNbRhcdwH96PaHwMHYeOh5A,24,Entertainment,cllevio kresha ganggo mohicani,1,https://i.ytimg.com/vi/_nFZzPxmu6E/hqdefault.jpg,en,sq,False,186,PT3M6S,hd,False,True,False,False,2308699,12565,393
0ZB2kt7Y84E,MK,2026-09-29T06:01:32.709830+00:00,2026-09-27T19:34:18Z,FORTNITE GLOBAL CHAMPIONSHIP | DAY 2,FORTNITE GLOBAL CHAMPIONSHIP | DAY 2,Fortnite Competitive,UCrK8YXOE215o5FxQI_V0ydg,20,Gaming,,0,https://i.ytimg.com/vi/0ZB2kt7Y84E/hqdefault.jpg,en,en,False,19494,PT5H24M54S,hd,False,False,False,False,919565,13064,222
QRdhYp4kSJc,MK,2026-09-29T06:01:32.709835+00:00,2026-09-26T17:00:09Z,ERNIM x MC KRESHA - MALLI,ERNIM x MC KRESHA - MALLI,SBS Entertainment,UCKGhUAK76DX5-596jfPwOpQ,10,Music,,0,https://i.ytimg.com/vi/QRdhYp4kSJc/hqdefault.jpg,sq,en,False,168,PT2M48S,hd,False,True,False,False,181845,3234,200
VGB-8kdLRmo,MK,2026-09-29T06:01:32.709840+00:00,2026-09-20T10:26:39Z,KO ĆE UKRASTI SKUPLJA JAJA ?!,KO ĆE UKRASTI SKUPLJA JAJA ?!,DJAPE,UCnirUUI7eC65bENn0GTA0Qw,24,Entertainment,"djape, pedja, djpe, novke, djape i novke, roblox, egg, krademo jaja u robloxu, robloks, ko ce ukrasti vise jaja u robloxu, ko ce ukrasti bolja jaja u robloxu, Novke I ja krademo jaja u robloksu, ukrali smo najskuplja jaja, Roblox steal a egg, 24 sata, djape i Novke kradu jaja u robloxu, kradja jaja, Roblox igrice, tastatura roblox, andjeo jaje u robloxu, angel jaje",21,https://i.ytimg.com/vi/VGB-8kdLRmo/hqdefault.jpg,sr,en,False,1278,PT21M18S,hd,False,True,False,False,260520,3706,161
8ES2B1xusj0,MK,2026-09-29T06:01:32.709845+00:00,2026-09-23T17:00:08Z,Tina Ruseva - PROUD OF ME (OFFICIAL VIDEO),Tina Ruseva - PROUD OF ME (OFFICIAL VIDEO),Tina Ruseva,UCSx530EWcwMX2_TFKlFeD5w,22,People & Blogs,,0,https://i.ytimg.com/vi/8ES2B1xusj0/hqdefault.jpg,en,mk,False,140,PT2M20S,hd,False,False,False,False,16208,695,101
OXZPraGFPVE,MK,2026-09-29T06:01:32.709850+00:00,2026-09-24T13:07:32Z,"Mesoje Motren Qysh me Vozit, GABIM I MADH..","Mesoje Motren Qysh me Vozit, GABIM I MADH..",Taulant Abazaj,UCN-HCXEpUHA21v1mc4tdoTQ,20,Gaming,,0,https://i.ytimg.com/vi/OXZPraGFPVE/hqdefault.jpg,sq,zxx,False,1283,PT21M23S,hd,False,True,False,False,66395,1516,82
1kmy-Kq1TOc,MK,2026-09-29T06:01:32.709856+00:00,2026-08-27T22:00:06Z,Noizy x Light x Gue - Strip For Me (Official Video),Noizy x Light x Gue - Strip For Me (Official Video),thisisnoizy,UCim40Arej9EBOfg0ViFW2ww,24,Entertainment,"Noizy, Light, Gue, Noizy Light Gue, Noizy x Light x Gue, Strip For Me, Noizy Strip For Me, Light Strip For Me, Gue Strip For Me, Strip For Me Official Video, Noizy Strip For Me Official Video, Official Video, Official Music Video, Noizy Official, Light Official, Gue Official, Albanian Rap, Greek Rap, Italian Rap, Balkan Rap, European Rap, International Rap, Hip Hop, Trap, Rap Music, Balkan Music, Albanian Music, Greek Music, Italian Music",29,https://i.ytimg.com/vi/1kmy-Kq1TOc/hqdefault.jpg,en,sq,False,207,PT3M27S,hd,False,False,False,False,3203434,17030,404
BsUgt791wJ8,MK,2026-09-29T06:01:32.709876+00:00,2026-09-27T17:00:19Z,Lunu Je Odvela HITNA POMOĆ u Brookhavenu!,Lunu Je Odvela HITNA POMOĆ u Brookhavenu!,Drugari,UCLnIHL_NAHkbFi7pZ0mKtLg,20,Gaming,"lunailuka, lukailuna, luna, luka, roblox, luna roblox, luka roblox, brookhaven, lunaluka, lukaluna, drugari",11,https://i.ytimg.com/vi/BsUgt791wJ8/hqdefault.jpg,sr,sr,False,730,PT12M10S,hd,False,True,False,False,47086,1109,48
Q-p-gvnu-SE,MK,2026-09-29T06:01:32.709882+00:00,2026-09-18T16:09:23Z,MOSSI - BERETTA,MOSSI - BERETTA,MOSSI,UChPiNMBlVYnRYfQtta1gduw,10,Music,"Mossi, Della, Mdv, Mossiii, Mosss, Mosssdella, Rapshqip, Shqiprap, Hite, Hiteshqip, Hite2027, Hite2026, Hite2025, Mossssy, rapshqip, Shqiphop, Musicshqip, Rapshqipp",18,https://i.ytimg.com/vi/Q-p-gvnu-SE/hqdefault.jpg,en,en-US,False,150,PT2M30S,hd,False,True,False,False,418639,3388,188
BWmWZTDxFrk,MK,2026-09-29T06:01:32.709887+00:00,2026-09-22T13:00:36Z,Escaping the Minecraft Underworld,Escaping the Minecraft Underworld,Parrot,UCPLMPHT-d8GZOqL_AHJFdQQ,20,Gaming,"Minecraft, Minecraft SMP, SMP, Minecraft Server, LifeSteal SMP, School Minecraft Server, School SMP, School Parrot, Parrot, ParrotX2, Dream SMP, TommyInnit, LifeSteal, parrot lifesteal smp, Spoke, minecraft survival, minecraft hardcore, minecraft challenge, minecraft server, HermitCraft, MumboJumbo, Grian, why i broke 100+ bedrock, Here's Why I Made 12240 Minecraft Cakes, Minecraft Hunt, LifeSteal Season 3, 1 Heart Minecraft, LifeSteal Season 4, Why I Removed the World",29,https://i.ytimg.com/vi/BWmWZTDxFrk/hqdefault.jpg,en,en,False,4677,PT1H17M57S,hd,False,True,False,False,6052951,188160,36663
GKWSbx7HGbo,MK,2026-09-29T06:01:32.709893+00:00,2026-09-01T13:00:06Z,Lule Mustafa & GOLD AG - ÇIKA E BABËS (Official Music Video),Lule Mustafa & GOLD AG - ÇIKA E BABËS (Official Music Video),LuleMustafa,UCmLVSJ9yGTSgYuDsbpKDSZg,10,Music,"Lule Mustafa, Motrat Mustafa, Lule, Mustafa, Baresha, Baresha Music, baresha, bareshamusic, baresha music, motrat mustafa, lule, lule mustafa, lulemustafa, lule blero, Lule Mustafa & Gold Ag - ÇIKA BABËS, gold ag, lule mustafa gold ag, gold ag baba, lule gold ag, lule mustafa gold ag qika babes, lule mustafa qika babes, 8 motrat mustafa, Lule Mustafa & Gold Ag - ÇIKA E BABËS, cika e babes, lule gold ag cika e babes",25,https://i.ytimg.com/vi/GKWSbx7HGbo/hqdefault.jpg,sq,sq,False,261,PT4M21S,hd,False,True,False,False,1300288,5587,135
qjs6x-MlVk8,MK,2026-09-29T06:01:32.709898+00:00,2026-09-28T12:33:14Z,SADA ZNA KAKO JE TO BITI ŽENA !,SADA ZNA KAKO JE TO BITI ŽENA !,Martina Živković,UCWwudLbp1hlp-No6UOMGq9A,23,Comedy,,0,https://i.ytimg.com/vi/qjs6x-MlVk8/hqdefault.jpg,hr,,False,1833,PT30M33S,hd,False,True,False,False,75669,1783,88
6y6gfhn0f_U,MK,2026-09-29T06:01:32.709904+00:00,2026-09-08T16:00:06Z,Kida - Zemren,Kida - Zemren,KIDA,UCAHVxL9FG3Sp8ltQtLEy_oA,10,Music,"Kida, kida, Kida - Zemren, kida - zemren, KIDA, KIDA - ZEMREN, zemren, Zemren, kida zemren, KIDA MENIME, albania, shqip, hitet, hitet 2026, albanian, Shoqe, Shqip, Hitet, Albania, Tirana, Kosovo, Hitet 2026",22,https://i.ytimg.com/vi/6y6gfhn0f_U/hqdefault.jpg,en,sq,False,136,PT2M16S,hd,False,True,False,False,1282974,9792,246
JPi6i4pgut0,MK,2026-09-29T06:01:32.709910+00:00,2026-09-27T14:00:26Z,NAJSKUPLJA JAJA NA SVIJETU...,NAJSKUPLJA JAJA NA SVIJETU...,KingsOfFailsShow,UCvwDNr7ec4Qaa_25VYOMhxg,20,Gaming,"kingsoffailsshow, markokofs, kofs, kings of fails show, steal an egg, steal kofs, kofs egg, kofs jaje",8,https://i.ytimg.com/vi/JPi6i4pgut0/hqdefault.jpg,hr,hr,False,881,PT14M41S,hd,False,True,False,False,96130,1749,91
IL95Xh3w7tk,MK,2026-09-29T06:01:32.709915+00:00,2026-09-11T10:00:06Z,PAVILLION x CORONA x RASTA  - BUDNA (OFFICIAL VIDEO),PAVILLION x CORONA x RASTA  - BUDNA (OFFICIAL VIDEO),Balkaton Gang,UCNoPO5Oeak2M1fC-BDSjZHw,10,Music,"Stefan, balkaton, barac, blood, budna, corona, djuric, gang, ilia, pavilion, predrag miljkovic, rasta, young",13,https://i.ytimg.com/vi/IL95Xh3w7tk/hqdefault.jpg,sr,sr,False,190,PT3M10S,hd,True,True,False,False,401429,5129,189
eCw80-_Sr5g,MK,2026-09-29T06:01:32.709920+00:00,2026-09-27T16:53:49Z,Team Yandex vs. Natus Vincere - PGL Wallachia Season 9 - Grand Final,Team Yandex vs. Natus Vincere - PGL Wallachia Season 9 - Grand Final,PGL,UC5jpxDZx4yoBo324pMQ91Ww,20,Gaming,"PGL Wallachia, PGL Wallachia Season 9, Dota 2, Dota2, PGL Dota 2, Dota 2 2026, Dota 2 highlights, Dota 2 tournament, Dota 2 Bucharest, Dota 2 Romania, Bucharest esports, Romania esports, Dota 2 pro, Dota 2 plays, Dota 2 montage, Dota 2 prize pool, esports tournament, esports 2026, Dota 2 teams, Dota 2 esports, PGL esports, Wallachia Dota 2, Dota 2 gameplay, Dota 2 best plays, Dota 2 clips",25,https://i.ytimg.com/vi/eCw80-_Sr5g/hqdefault.jpg,en,en,False,31086,PT8H38M6S,hd,False,True,False,False,733005,2480,9
ZVVylrAkmfg,MK,2026-09-29T06:01:32.709926+00:00,2026-09-10T21:00:06Z,CRUSH - BENİM OLSANA | Official Music Video,CRUSH - BENİM OLSANA | Official Music Video,CRUSH,UCdKIMZMJeZtLwitpv0O_U3Q,10,Music,,0,https://i.ytimg.com/vi/ZVVylrAkmfg/hqdefault.jpg,tr,tr,False,189,PT3M9S,hd,True,True,False,False,18458706,443196,228989
Pe-Ooc1D_yg,MK,2026-09-29T06:01:32.709931+00:00,2026-09-27T18:00:22Z,KUPIO SAM GTA VI: Collectors Edition !!,KUPIO SAM GTA VI: Collectors Edition !!,Mudja,UCZbp-wYt5PiIkGmoEZ6ChmQ,20,Gaming,"Mudja, MudjaPlus",2,https://i.ytimg.com/vi/Pe-Ooc1D_yg/hqdefault.jpg,sr,sr,False,873,PT14M33S,hd,False,True,False,False,104591,2946,183
X1kioemSKZ8,MK,2026-09-29T06:01:32.709936+00:00,2026-09-04T11:00:03Z,2soma - Tiki,2soma - Tiki,Bassivity Digital,UCtAE452wbBYJZASZ-3jCNBA,10,Music,,0,https://i.ytimg.com/vi/X1kioemSKZ8/hqdefault.jpg,sr,sr,False,150,PT2M30S,hd,False,True,False,False,508306,7301,319
IOS7FKtiyxE,MK,2026-09-29T06:01:32.709940+00:00,2026-09-20T19:03:56Z,I Created Minecraft's Greatest Empire,I Created Minecraft's Greatest Empire,Spoke,UCk2uxbWi5py_iJXaEsh2YRA,20,Gaming,"spoke, spokeishere, lifesteal, minecraft, survival, wormhole, unstable, unstable universe, wemmbu, parrotx2",10,https://i.ytimg.com/vi/IOS7FKtiyxE/hqdefault.jpg,en,en-US,False,8574,PT2H22M54S,hd,False,True,False,False,4401519,128044,28770
0P_q4g4v1TI,MK,2026-09-29T06:01:32.709945+00:00,2026-08-23T12:00:02Z,SLOBA RADANOVIC - POZVACU TE (OFFICIAL VIDEO 2026),SLOBA RADANOVIC - POZVACU TE (OFFICIAL VIDEO 2026),Sloba Radanovic,UCtHQlg6FypR2SjqPjkkXoog,10,Music,"sloba radanovic pozvacu te, sloba radanovic, sloba radanović, pozvacu te, sloba novo, pozvacu te 2026, nova pesma, sloba pozvacu te, sloba jelena, sloba pozvacu te 2026 video, official video, sloba 2026 pozvacu te, pozvacu te official, radanovic sloba, radanovic sloba 2026, radanovic sloba pozvacu te, pozvacu te radanovic, nove pesme, novi spotovi, new video, new release, sloba pesma, sloba video, tea tairovic, aleksandra prijovic album, sloba album, sloba nova pesma",27,https://i.ytimg.com/vi/0P_q4g4v1TI/hqdefault.jpg,sr,sr,False,191,PT3M11S,hd,False,True,False,False,4827462,16633,1402
9njefMDxzqw,MK,2026-09-29T06:01:32.709951+00:00,2026-09-26T17:52:34Z,Minecraft LIVE - September 2026,Minecraft LIVE - September 2026,Minecraft,UC1sELGmy5jp5fQUugmuYlXQ,20,Gaming,"Minecraft, MCL, Minecraft Live, 2025, September, MinecraftLive, Vanilla, deepdig, deep dig, after show, pre show, preshow, Mojang, Xbox, Microsoft, Game Pass, Xbox Game Pass, Minecraft News, Minecraft Update",19,https://i.ytimg.com/vi/9njefMDxzqw/hqdefault.jpg,en,en,False,1506,PT25M6S,hd,True,False,False,False,4310588,161085,5529
FyS5dAywkEo,MK,2026-09-29T06:01:32.709958+00:00,2026-09-04T00:00:05Z,LISA - SaWaDiKa (Official Music Video),LISA - SaWaDiKa (Official Music Video),LISAOfficialVEVO,UCg3ymxYCmURj5BFtbgMt-Og,10,Music,"Born Again, K-Pop, Doja Cat born again, Doja Cat LISA, Doja Cat RAYE, Doja Cat BTS, Born Again BTS, Doja Cat feat. The Joy, Pop, Doja Cat feat. Teezo Touchdown, MASC, s2claude, doja cat leak, doja cat hair, doja cat tiktok live, scarlet deluxe, doja cat disrespectful, headhigh, urrrrge!!!!!!!!, asap rocky, acknowledge me, okloser, doja cat tiktok trend, paint the town red, demons, wet vagina, fuck the girls, skull and bones, attention, scarlet vinyl doja cat, brisk",31,https://i.ytimg.com/vi/FyS5dAywkEo/hqdefault.jpg,en,en,False,187,PT3M7S,hd,False,True,False,False,188390803,2909092,267778
OLkUSiRG0b0,MK,2026-09-29T06:01:32.709963+00:00,2026-09-26T06:59:25Z,KRADEMO JAJA SA TATOM,KRADEMO JAJA SA TATOM,Mihajlo i Mateja,UCwlPFewiJ0PefHkOxfi3HWw,22,People & Blogs,"joca i vikica, novke i smiga, djape, vuk i aleksandra, saurus gang, ema i zobra, deca, mihajlo i mateja, matke i miki",9,https://i.ytimg.com/vi/OLkUSiRG0b0/hqdefault.jpg,sr,sr,False,904,PT15M4S,hd,False,True,False,False,33022,523,20
NFxlkdJxHgI,MK,2026-09-29T06:01:32.709968+00:00,2026-09-25T15:00:05Z,ONE BOY in a GIRLS ONLY Pool Party! (Minecraft),ONE BOY in a GIRLS ONLY Pool Party! (Minecraft),Cash,UC0eLBYhxW9HC0P9PXQ73mpQ,24,Entertainment,"Cash, Nico, Nico and Cash, Cash and Nico, Minecraft, Minecraft mod, family friendly, kid friendly",8,https://i.ytimg.com/vi/NFxlkdJxHgI/hqdefault.jpg,en,en-US,False,1220,PT20M20S,hd,False,True,False,False,850918,7133,872
98zrBXb_Nqk,MK,2026-09-29T06:01:32.709973+00:00,2026-09-23T20:59:36Z,ОВА ГО ЧЕКАВТЕ ЦЕЛА ГОДИНА - Little Nightmares 3 (ЦЕЛА ИГРА),ОВА ГО ЧЕКАВТЕ ЦЕЛА ГОДИНА - Little Nightmares 3 (ЦЕЛА ИГРА),Stefan Plays,UCoFGB57koz-Znc39HG5m9RA,20,Gaming,"steffonator, stefan plays, стефонатор, gaming, stream, live, стефан, gameplay, live stream, strim, little nightmares 3, little nightmares, horor",13,https://i.ytimg.com/vi/98zrBXb_Nqk/hqdefault.jpg,mk,mk,False,17101,PT4H45M1S,hd,False,True,False,False,5603,147,5
h68WUZ8b0O0,MK,2026-09-29T06:01:32.709978+00:00,2026-09-11T13:00:29Z,Searching for a Vault that Doesn't Exist,Searching for a Vault that Doesn't Exist,FlameFrags,UCvYPobTo42NM36X7VC4dLhA,20,Gaming,"minecraft, flamefrags, flame frags, flamefrags minecraft, flame minecraft, minecraft pvp, minecraft combat master, minecraft pro, best minecraft pvper, best minecraft player",10,https://i.ytimg.com/vi/h68WUZ8b0O0/hqdefault.jpg,en-US,en-US,False,7113,PT1H58M33S,hd,False,True,False,False,6384051,160993,47086
_ngZNLrfhK4,MK,2026-09-29T06:01:32.709983+00:00,2026-09-19T08:00:37Z,DUO WANTS BRAWL PLAYERS TO READ! (New Community Event),DUO WANTS BRAWL PLAYERS TO READ! (New Community Event),Brawl Stars,UCooVYzDxdwTtGYAkcPmOgOw,20,Gaming,"brawl stars, mobile game, mobile strategy game, mobile rpg, mobile battle royale, battle royale, supercell game, duo, brawl, spike, community event, trash goblin darryl",12,https://i.ytimg.com/vi/_ngZNLrfhK4/hqdefault.jpg,en,en,False,139,PT2M19S,hd,True,True,False,False,8631995,133957,68829
S8H0WLmtuCE,MK,2026-09-29T06:01:32.709988+00:00,2026-09-12T14:00:06Z,skibidi toilet 81,skibidi toilet 81,skibidi,UCsSsgPaZ2GSmO6il8Cb5iGA,24,Entertainment,"skibidi, skibidi toilet, skebedee, skibidee toilet, toilet skibidi, alliance, cameraman, astro toilet, watchman of doom, brainrot, gaming, source, sfm, scifi, tv woman, titan speakerman, speakermen, wod, astros, secret agent, administrator, TSM 3.0, TSM3.0, skibidy toilet, skibidi tualet, episode 81, skibidi 81, skibidi toilet 81, 81, tsm",30,https://i.ytimg.com/vi/S8H0WLmtuCE/hqdefault.jpg,en,en,False,250,PT4M10S,hd,True,True,False,False,8076384,236627,51897
8yzmZrHhu0A,MK,2026-09-29T06:01:32.709994+00:00,2026-09-05T12:48:22Z,ROBLOX BUILD TO SURVIVE VERITY,ROBLOX BUILD TO SURVIVE VERITY,Foltyn,UCRkuUgtDAL4XSU5jB40J_wA,20,Gaming,"foltyn, foltyn roblox, roblox, roblox foltyn, foltyn family, funny, foltyn family roblox, roblox foltyn family, blade ball, roblox blade ball, foltyn blade ball, roblox build to survive verity, i built the safest base to survive verity in roblox.., roblox build to survive, foltyn and caylus, foltyn and caylus playing roblox, foltyn and caylus playing roblox together, foltyn and caylus and steak, roblox keyboard escape, roblox steal an egg",20,https://i.ytimg.com/vi/8yzmZrHhu0A/hqdefault.jpg,en,en-US,False,1335,PT22M15S,hd,False,True,False,False,3143484,36959,4576
