video_id,country,fetched_at,published_at,title,localized_title,channel_title,channel_id,category_id,category_name,tags,tag_count,thumbnail,default_language,audio_language,is_live,duration,duration_raw,definition,caption_available,licensed_content,embeddable,made_for_kids,views,likes,comments
O9rLu25w95s,NI,2026-10-04T06:12:06.946661+00:00,2026-10-02T20:00:13Z,"KAROL G, Judeline, rusowsky - BbY WOW | Letra","KAROL G, Judeline, rusowsky - BbY WOW | Letra",sunday,UC7eoH2EuCZZoowe7QV5xJyA,10,Music,"karol g bby wow letra, bby wow letra, bby wow lyrics, karol g judeline rusowsky bby wow letra español, bby wow subtitulos español, karol g canciones, judeline canciones, rusowsky canciones, pop alternativo, musica urbana 2026, canciones virales 2026, bby wow video oficial, bby wow tik tok trend, letra oficial, musica latina",15,https://i.ytimg.com/vi/O9rLu25w95s/hqdefault.jpg,es,en,False,226,PT3M46S,hd,False,True,False,False,721509,2639,59
Kscx-nLnmGU,NI,2026-10-04T06:12:06.946703+00:00,2026-10-03T02:00:24Z,"Trailer extendido Avengers Doomsday confirmó que Steve Rogers causó todo con su hijo, Ultron y Wanda","Trailer extendido Avengers Doomsday confirmó que Steve Rogers causó todo con su hijo, Ultron y Wanda",Pelicomic,UCsMzBY3X_RS6GhGBiHXW19A,24,Entertainment,,0,https://i.ytimg.com/vi/Kscx-nLnmGU/hqdefault.jpg,es-419,es-419,False,1195,PT19M55S,hd,False,True,False,False,566344,16633,622
EPSJmp-uVb4,NI,2026-10-04T06:12:06.946711+00:00,2026-10-03T00:51:22Z,SI CONSTRUYES A MINI MINI.EXE TE DOY $50.000!,SI CONSTRUYES A MINI MINI.EXE TE DOY $50.000!,FedeGames,UCsYQxZGPAUz-QrMfaXePouQ,20,Gaming,"minecraft, videos de juegos, juegos, gameplays, fede games, fede gameplays, videos de minecraft, vecibanda, fede y sus vecinos, fede vigevani, federico vigevani, vecinos minecraft, videojuegos, MINI MINI.EXE, si construyes a mini mini.exe, mejores construcciones",16,https://i.ytimg.com/vi/EPSJmp-uVb4/hqdefault.jpg,es,es,False,1988,PT33M8S,hd,False,True,False,False,5605312,176067,10231
n577JuALQZ4,NI,2026-10-04T06:12:06.946717+00:00,2026-10-02T17:15:02Z,Fuerza Regida - Marlboro Rojo (Letra/Lyrics),Fuerza Regida - Marlboro Rojo (Letra/Lyrics),Aureal,UCAyUvFMX_fvoxHydmkXAN5g,10,Music,"aesthetic, traducción, traducciones, español, subtitulada, subtitulados, subtitulación, subtitulos, subtitulo, subtitula, traducida, subtitulada al español, al, en, aureal, canciones, cancion, letra, lyrics, tristes, amor, canciones tristes, canciones de amor, canciones felices, fuerza regida, marlboro rojo",26,https://i.ytimg.com/vi/n577JuALQZ4/hqdefault.jpg,es,es,False,185,PT3M5S,hd,False,True,False,False,312637,1268,7
HQBYZPqxomM,NI,2026-10-04T06:12:06.946723+00:00,2026-09-29T17:02:42Z,Among Us: New Influencer Role Trailer 📸 Out Now!,Among Us: New Influencer Role Trailer 📸 Out Now!,Innersloth,UCKuI2VapWQjkMz2DDrLvLKw,20,Gaming,"amogus, amongus",2,https://i.ytimg.com/vi/HQBYZPqxomM/hqdefault.jpg,en,en,False,304,PT5M4S,hd,False,False,False,False,2401720,81570,6477
3xeSyUz_rdU,NI,2026-10-04T06:12:06.946727+00:00,2026-10-03T11:00:18Z,ADOPTED By GORILLA KING In Steal an Egg!,ADOPTED By GORILLA KING In Steal an Egg!,Zoomy,UCJnH5Ph5O1EZhKiKiNgH9IA,20,Gaming,"Steal a Brainrot, StealABrainrot, Steal a Brainrot Shorts, Steal a Brainrot Roblox, Steal a Brainrot funny moments, Steal a Brainrot clips, Steal a Brainrot meme, Steal a Brainrot animation, Steal a Brainrot gameplay, Steal a Brainrot story, Steal a Brainrot edit, Steal a Brainrot compilation, Steal a Brainrot scenes, Steal a Brainrot reaction, Roblox Steal a Brainrot, Roblox Shorts, Roblox funny, Roblox meme, Roblox edit, Roblox animation, Roblox gameplay, Roblox short film",22,https://i.ytimg.com/vi/3xeSyUz_rdU/hqdefault.jpg,en,en,False,1819,PT30M19S,hd,False,True,False,False,1851718,18866,359
F5Da4l3LOpg,NI,2026-10-04T06:12:06.946732+00:00,2026-10-03T00:24:16Z,Peli De Terror,Peli De Terror,Køddy G - Topic,UCER5wzLBdxRF7Spd2HPqIWg,10,Music,"Køddy G, Peli De Terror",2,https://i.ytimg.com/vi/F5Da4l3LOpg/hqdefault.jpg,fi,ar,False,212,PT3M32S,hd,False,True,False,False,141497,3113,25
4-sO_dp1fkE,NI,2026-10-04T06:12:06.946737+00:00,2026-09-23T19:00:39Z,KNIGHTS OF GUINEVERE - EPISODE 2 (TRAILER),KNIGHTS OF GUINEVERE - EPISODE 2 (TRAILER),GLITCH,UCn_FAXem2-e3HQvmK-mOH4g,1,Film & Animation,"glitch, glitch productions, digital circus, the amazing digital circus, murder drones, Pomni, Uzi, Jax, Ragatha, Kinger, Gangle, Zooble, Caine, Bubble, 3D, Animation, 3D Animation, Indie Animation, Gummigoo",19,https://i.ytimg.com/vi/4-sO_dp1fkE/hqdefault.jpg,en,en,False,64,PT1M4S,hd,True,True,False,False,4012840,252639,11624
WcYr0IE7CaE,NI,2026-10-04T06:12:06.946742+00:00,2026-10-03T20:03:00Z,Puedo Crear ARMADURAS de CADA MOB en Minecraft!,Puedo Crear ARMADURAS de CADA MOB en Minecraft!,Nacho,UC8EkcHOycB94lHDkbAPSnQA,20,Gaming,"Minecraft, abi, abi minecraft, amigos minecraft, dagar, dagar minecraft, dagar y nacho, lia, lia minecraft, minecraft español, minecraft mod, minecraft nacho y dagar, nacho, nacho minecraft, nacho y dagar, nacho y lia, toni, toni minecraft, trucos minecraft, minecraft, armadura de fuego, armadura de hielo, speedrun minecraft, armaduras, armaduras minecraft, armadura de cualquier bloque, minecraft bloques, armadura de mob, creeper, creeper minecraft, armaduras de mobs",31,https://i.ytimg.com/vi/WcYr0IE7CaE/hqdefault.jpg,es,es,False,1509,PT25M9S,hd,False,True,False,False,446538,7256,273
cj37lh-71h8,NI,2026-10-04T06:12:06.946747+00:00,2026-09-28T13:51:34Z,Stand by Me,Stand by Me,Ben E. King - Topic,UC7IsXxzPSpxbFRAtmxyJ_3Q,10,Music,"Ben E. King, Sixties Pop, Stand by Me",3,https://i.ytimg.com/vi/cj37lh-71h8/hqdefault.jpg,en,en,False,175,PT2M55S,hd,False,True,False,False,456273,4336,8
l_3KE5f2cFw,NI,2026-10-04T06:12:06.946752+00:00,2026-10-03T21:15:21Z,ROMPE PAREDES PARA ROBAR UN HUEVO EN ROBLOX!💪,ROMPE PAREDES PARA ROBAR UN HUEVO EN ROBLOX!💪,ElAbrahaham,UColTsB6zogXWooPbeO67Wgw,20,Gaming,"abrahahamflores, stream, entretenimiento, divertido, risa, gracioso, gamer, videojuegos, elabrahaham, copilacion, videos graciosos, antes vs ahora, mexico vs usa, abrahaham, directos, shorts, tiktoks, streams, twitch, reaccion, reacciones, roblox, brainrots, gameplays, random, terror, los bros, bros, bros roblox",29,https://i.ytimg.com/vi/l_3KE5f2cFw/hqdefault.jpg,es-MX,es-419,False,1769,PT29M29S,hd,False,True,False,False,508659,14250,1370
HknPYrHrouY,NI,2026-10-04T06:12:06.946757+00:00,2026-10-01T22:00:30Z,Ana Gabriel - Quién Como Tú (Letra/Lyrics),Ana Gabriel - Quién Como Tú (Letra/Lyrics),Leleluu Retro,UCLAtfKGLCgyO5_-_NnTke8g,22,People & Blogs,"traducida, letra, sub español, español, lyrics, hd, hq, video lyrics, mv, music video, subtitulada, traducción, letra español, traducción música, mix, canciones mix, indie, alternativo, canciones tristes, vibes, musica 2026, pop, canciones para llorar, canciones tranquilas, canciones de rock, canciones pop, youtube, pop español, baladas, quien como tu ana gabriel, quien como tu, ana gabriel, ana gabriel el cigarrillo, baladas romanticas, baladas del recuerdo",35,https://i.ytimg.com/vi/HknPYrHrouY/hqdefault.jpg,es,es,False,212,PT3M32S,hd,False,True,False,False,362477,759,5
H1xvBmmcS6k,NI,2026-10-04T06:12:06.946762+00:00,2026-10-03T20:14:20Z,SOBREVIVIMOS A BUDDY THE UNICORN EN ROBLOX (momentos divertidos),SOBREVIVIMOS A BUDDY THE UNICORN EN ROBLOX (momentos divertidos),RoxiCake Gamer,UC3t7_hgqy-7pccSWRVaTQIw,20,Gaming,"Roblox, Roblox español, roxicake, entretenimiento, divertido, random, video gracioso, reacciones, VERITY, buddy the unicorn",10,https://i.ytimg.com/vi/H1xvBmmcS6k/hqdefault.jpg,es,es-419,False,824,PT13M44S,hd,False,True,False,False,283854,13390,1089
WDgiZpKJBHQ,NI,2026-10-04T06:12:06.946767+00:00,2026-10-02T00:00:07Z,Ricardo Arjona y Grupo Firme - Amor Factura (Video Oficial)  ⁨@ArjonaOficial @GrupoFirmeOficial,Ricardo Arjona y Grupo Firme - Amor Factura (Video Oficial)  ⁨@ArjonaOficial @GrupoFirmeOficial,Ricardo Arjona,UCmDWOcRAkUX-05hhopOnUDQ,10,Music,"ricardo, arjona, metamorfosis, fuiste tu, guatemala, video oficial, guatemalteco, Hongos, el amor que me tenia, señora, mujeres, el problema, te conozco, lo mejor de, nueva musica, top, en vivo, pinguinos en la cama, acompañame a estar solo, romanticas, romantico, cantautor, ricardo arjona, grupo firme, amor factura, eduin caz",26,https://i.ytimg.com/vi/WDgiZpKJBHQ/hqdefault.jpg,es,es,False,237,PT3M57S,hd,False,True,False,False,3647259,88215,4714
b7NgzOh_Eik,NI,2026-10-04T06:12:06.946772+00:00,2026-10-03T23:40:50Z,Este Nuevo Poppy Playtime Multijugador Es Mejor Con Amigos / Escape From Playtime,Este Nuevo Poppy Playtime Multijugador Es Mejor Con Amigos / Escape From Playtime,Omenasito,UC0C8Zen__w6b16cN2KecZig,20,Gaming,"gameplay español latino, poppy playtime, poppy, omenaso, jugando como, jugando poppy playtime, garten of banban, remake de poppy playtime, copia poppy playtime, juego completo, nuevo, finding frankie, juego indie, juego terror, gameplay humor, gameplay gracioso, finding frankie español, todos los finales, dark pals, final, finales, poppy playtime 5, poppy playtime 6, dark pals gameplay, tutorial, escape from playtime, escapa de playtime, poppy playtime 7, miss delight, catnap",30,https://i.ytimg.com/vi/b7NgzOh_Eik/hqdefault.jpg,es,es,False,1499,PT24M59S,hd,False,True,False,False,223303,8975,761
jN4XBExBOCM,NI,2026-10-04T06:12:06.946778+00:00,2026-10-01T22:00:10Z,"YO QUIERO RMX Hades66, Arcángel, Myke Towers, Luar La L- (Video Oficial)","YO QUIERO RMX Hades66, Arcángel, Myke Towers, Luar La L- (Video Oficial)",Hades 66,UCmq68gs3AMYLHwu-3ujlcaA,10,Music,"Hades66, LaMRecords, PR, LaM, El66, Manhattan2, Manhattan, Manhattan II, New York, NYC, El SEI66EIS, MMNF, Hades, 66, Puerto Rico, Hanzel La H, QMR, Que Mucho Roncan, Bbsita Te VeS Bien, PeRRa BB, Perra BeBe, perra bebe, Te Siento Lejos, te siento lejos, YO QUIERO, yo quiero, Arcángel, Myke Towers, Luar La L, Hades66 x Arcangel x Myke Towers x Luar La L, RMX",31,https://i.ytimg.com/vi/jN4XBExBOCM/hqdefault.jpg,es,es,False,363,PT6M3S,hd,False,True,False,False,1622563,98561,5657
JVCRfC3GLKk,NI,2026-10-04T06:12:06.946782+00:00,2026-10-03T22:31:24Z,Sobreviví al PUNTO NEMO en Una CASA en Minecraft,Sobreviví al PUNTO NEMO en Una CASA en Minecraft,Jardred,UCyDUULOp3b3JsehZKIIVzrg,20,Gaming,,0,https://i.ytimg.com/vi/JVCRfC3GLKk/hqdefault.jpg,es,es,False,1513,PT25M13S,hd,False,True,False,False,111942,4250,238
vkC_1KQ8_v8,NI,2026-10-04T06:12:06.946787+00:00,2026-09-30T17:13:10Z,Espinoza Paz - El Próximo Viernes (Letra/Lyrics),Espinoza Paz - El Próximo Viernes (Letra/Lyrics),jostland.,UC1qMwcumipfgTLd3TA1vVZg,10,Music,"el proximo viernes, el proximo viernes letra, el proximo viernes karaoke, el proximo viernes thalia, el proximo viernes luis r conriquez, el proximo viernes guitarra, el proximo viernes acustico, el proximo viernes espinoza paz, el proximo viernes espinoza paz karaoke, el proximo viernes espinoza paz letra, espinoza paz el proximo viernes, espinoza paz el proximo viernes letra, espinoza paz el proximo viernes karaoke, letra, lyrics, audio, video oficial, karaoke, acustico, jostland",20,https://i.ytimg.com/vi/vkC_1KQ8_v8/hqdefault.jpg,es,es,False,251,PT4M11S,hd,False,True,False,False,210311,723,5
k5DZn09RzBU,NI,2026-10-04T06:12:06.946792+00:00,2026-10-02T18:19:08Z,Me Convertí en VAMPIRO para ESCAPAR de la PRISIÓN DE CHICAS en Minecraft!,Me Convertí en VAMPIRO para ESCAPAR de la PRISIÓN DE CHICAS en Minecraft!,Dagar,UCEs5MQjXJq27-X2vgdwtYDw,20,Gaming,"Minecraft, minecraft mod, dagar y nacho, nacho y dagar, amigos minecraft, dagar minecraft, minecraft dagar",7,https://i.ytimg.com/vi/k5DZn09RzBU/hqdefault.jpg,es,es,False,1332,PT22M12S,hd,False,True,False,False,2051947,18243,482
hp4Lfb2ly1E,NI,2026-10-04T06:12:06.946796+00:00,2026-10-01T13:00:01Z,Romeo Santos - Necio (Letra/Lyrics) ft. Santana,Romeo Santos - Necio (Letra/Lyrics) ft. Santana,Miracle Music,UCaH-k4to0aClnnjN_GaZgbw,22,People & Blogs,"Romeo Santos Santana Necio Letra, Romeo Santos Santana Necio, Necio, Romeo Santos Necio Letra, Romeo Santos Necio, Sencillamente usted amada mía me pone necio, Es irracional este sentimiento que no detengo, Me va consumiendo, Sencillamente usted amada mía me vuelve necio, Mi amor alucinante se lanzó al océano por terco, Y me estoy hundiendo, romeo santos necio letra, romeo santos necio, romeo santos santana necio letra, romeo santos santana necio, necio letra, necio",17,https://i.ytimg.com/vi/hp4Lfb2ly1E/hqdefault.jpg,es,es,False,265,PT4M25S,hd,False,True,False,False,1359594,2531,20
OMP5j_GcTUQ,NI,2026-10-04T06:12:06.946801+00:00,2026-10-03T14:43:46Z,LIMPIAMOS nuestro TECLADO ASMR en Roblox,LIMPIAMOS nuestro TECLADO ASMR en Roblox,Lyna,UC-cnbLlplnXA4oc7rR21qzg,20,Gaming,,0,https://i.ytimg.com/vi/OMP5j_GcTUQ/hqdefault.jpg,es-419,es-419,False,1154,PT19M14S,hd,False,True,False,False,700088,9949,1220
s7LJ62Btic8,NI,2026-10-04T06:12:06.946805+00:00,2026-10-01T15:17:26Z,PERRA,PERRA,Lil Naay - Topic,UCu_qmyIu8uT-stU7Mx-kcgw,10,Music,"LIL NAAY, PERRA",2,https://i.ytimg.com/vi/s7LJ62Btic8/hqdefault.jpg,en,en,False,140,PT2M20S,hd,False,True,False,False,731131,14041,126
2kCOZRxomr4,NI,2026-10-04T06:12:06.946810+00:00,2026-10-03T18:15:17Z,ROBA UN HUEVO DEL EVENTO DEL BOSQUE ENCANTADO COMPLETO (STEAL AN EGG ROBLOX),ROBA UN HUEVO DEL EVENTO DEL BOSQUE ENCANTADO COMPLETO (STEAL AN EGG ROBLOX),Chuy Mine,UCrppUjIbcQjh2Drz8UyuRVg,20,Gaming,"chuymine, chuy mine, ROBA UN HUEVO DEL EVENTO DEL BOSQUE ENCANTADO COMPLETO, ROBA UN HUEVO DEL EVENTO DEL BOSQUE ENCANTADO, ROBA UN HUEVO DEL EVENTO DEL BOSQUE, HUEVO DEL EVENTO DEL BOSQUE ENCANTADO, ROBA UN HUEVO, EVENTO DEL BOSQUE ENCANTADO, STEAL AN EGG, ROBLOX, EGG ROBLOX",11,https://i.ytimg.com/vi/2kCOZRxomr4/hqdefault.jpg,es,es,False,1307,PT21M47S,hd,False,True,False,False,321352,3547,136
nC8-njJ5cbk,NI,2026-10-04T06:12:06.946815+00:00,2026-09-26T18:00:06Z,Carin Leon - Desde Que Te Tengo (Letra),Carin Leon - Desde Que Te Tengo (Letra),Bold Retro,UCXq83cSvDmYJ2a-MOmjjSSQ,22,People & Blogs,"BOLDRETRO, LETRA, lyrics, RETRO, CLASICOS, 80shits, 90shits, retroclassic, throwbackmusic, oldiesbutgoldies, musicaenespañol, englishclassics, nostalgia80, nostalgia90, Carin Leon - Desde Que Te Tengo (Letra), Desde Que Te Tengo, Desde Que Te Tengo (Letra), Carin Leon, Carin Leon - Desde Que Te Tengo",19,https://i.ytimg.com/vi/nC8-njJ5cbk/hqdefault.jpg,es,es,False,227,PT3M47S,hd,False,True,False,False,708790,745,4
GLZ4LrEsCiA,NI,2026-10-04T06:12:06.946820+00:00,2026-10-03T22:57:31Z,Algo Vive En La Montaña...,Algo Vive En La Montaña...,Towi,UC_eCAeLWcJhv2knFlhU9vZg,20,Gaming,,0,https://i.ytimg.com/vi/GLZ4LrEsCiA/hqdefault.jpg,es,es-419,False,917,PT15M17S,hd,False,True,False,False,425710,24421,1952
PVVKKwYeEQs,NI,2026-10-04T06:12:06.946823+00:00,2026-10-01T21:59:34Z,"Romeo Santos, Prince Royce, Dalvin La Melodia - Menor (Official Video)","Romeo Santos, Prince Royce, Dalvin La Melodia - Menor (Official Video)",Romeo Santos,UCyxbZF7_PK4nLiexj0kkCNg,10,Music,,0,https://i.ytimg.com/vi/PVVKKwYeEQs/hqdefault.jpg,es,es,False,216,PT3M36S,hd,False,True,False,False,2766172,72055,4150
1pNjM2cCA_4,NI,2026-10-04T06:12:06.946828+00:00,2026-10-03T19:00:06Z,Me ENFRENTÉ al GATO CON SOMBRERO,Me ENFRENTÉ al GATO CON SOMBRERO,Klarencio MC,UCqeQcOEM2_2dKolP1blEx7g,20,Gaming,,0,https://i.ytimg.com/vi/1pNjM2cCA_4/hqdefault.jpg,es,es-MX,False,608,PT10M8S,hd,False,True,False,False,265401,5737,392
cmEr1TNthL0,NI,2026-10-04T06:12:06.946832+00:00,2026-09-29T10:00:29Z,Self Control (Edit),Self Control (Edit),Laura Branigan - Topic,UChUr6-Fbc5f5FH9f0YNWLfQ,10,Music,"Laura Branigan, Clásicos Inolvidables - Grandes Éxitos, Self Control",3,https://i.ytimg.com/vi/cmEr1TNthL0/hqdefault.jpg,en,en,False,238,PT3M58S,hd,False,True,False,False,928736,6847,12
_ccUxJwuAYo,NI,2026-10-04T06:12:06.946836+00:00,2026-10-03T19:46:08Z,SOBREVIVO CON FUBI EN LA DIMENSIÓN DE DOCTOR NOWHERE EN MINECRAFT,SOBREVIVO CON FUBI EN LA DIMENSIÓN DE DOCTOR NOWHERE EN MINECRAFT,FubiaCraft,UCDHcwfBGAQIuLHzNncoHXjg,20,Gaming,"minecraft, minecraft horror, minecraft mods, fubia, fubia minecraft, fubiacraft, minecraft de miedo, minecraft miedo, minecraft terror, minecraft memes, minecraft pov, minecraft apocalypse, minecraft sobrevivi, sobrevivi en minecraft, subway surfers horror, minecraft videos de terror, verity minecraft, minecraft one block, minecraft one block horror, fubiacraft minecraft, fuvia, fuvia craf, fubia craf, fobia, fubia de horror, fubia mod, fubia mod minecraft, fubia mods",28,https://i.ytimg.com/vi/_ccUxJwuAYo/hqdefault.jpg,es-US,es-US,False,819,PT13M39S,hd,False,True,False,False,189447,2161,156
9Ulb3zlo5HQ,NI,2026-10-04T06:12:06.946841+00:00,2026-10-01T22:20:30Z,Mi Último Día,Mi Último Día,Tercer Cielo - Topic,UCpjVUrVVNPxFegat_FxrxCw,10,Music,"Tercer Cielo, Gente Común, Sueños Extraordinarios, Mi Último Día",3,https://i.ytimg.com/vi/9Ulb3zlo5HQ/hqdefault.jpg,es,es,False,216,PT3M36S,hd,False,True,False,False,72857,493,0
3kclXv3mc9g,NI,2026-10-04T06:12:06.946846+00:00,2026-10-03T20:07:23Z,¡DERROTÉ al NUEVO JEFE MÁS RÁPIDO de Roba un Huevo! 😱,¡DERROTÉ al NUEVO JEFE MÁS RÁPIDO de Roba un Huevo! 😱,Nukleo Plus,UCcRpW9GxA3KFipksgwEXtEA,20,Gaming,"roba un huevo, steal an egg, roba un huevo roblox, steal an egg roblox, nueva actualizacion roba un huevo, enchanted forest, enchanted forest roba un huevo, nueva zona roba un huevo, nuevos divinos, nuevos eternos, mascotas divinas, mascotas eternas, mascotas op, nuevo jefe roba un huevo, roblox español, roblox, nukleo, nueva update steal an egg, divine pets, eternal pets, roblox update",21,https://i.ytimg.com/vi/3kclXv3mc9g/hqdefault.jpg,es,es-419,False,1548,PT25M48S,hd,False,True,False,False,138227,2850,179
bLO9IK7BcZ4,NI,2026-10-04T06:12:06.946851+00:00,2026-09-30T22:00:15Z,"Grupo Firme, Grupo Recluta - Se Fue La Pantera (Letra)","Grupo Firme, Grupo Recluta - Se Fue La Pantera (Letra)",Keller Lyrics,UCFUf4c4_fgXfoNnvbEpcaeg,10,Music,"Se Fue La Pantera, Grupo Firme, Grupo Recluta, Grupo Firme Se Fue La Pantera, Se Fue La Pantera Letra, Se Fue La Pantera Lyrics, Letra Se Fue La Pantera, Lyrics Se Fue La Pantera, Grupo Firme Grupo Recluta, Grupo Firme Exitos, Grupo Recluta Exitos, Regional Mexicano, Musica Mexicana, Norteno, Musica Norteña, Norteno Mexicano, Corridos Mexicanos, Banda Mexicana, Canciones Mexicanas, Exitos Mexicanos, Clasicos Mexicanos, Lyric Video, Video con Letra, Letra Completa",24,https://i.ytimg.com/vi/bLO9IK7BcZ4/hqdefault.jpg,es,es,False,203,PT3M23S,hd,False,True,False,False,194022,621,1
4TwRNLgsyr8,NI,2026-10-04T06:12:06.946855+00:00,2026-10-02T20:00:03Z,LAS NUEVAS ARMAS DE FREE FIRE LLEGARON A DESTRUIR EL JUEGO !! - TheDonato,LAS NUEVAS ARMAS DE FREE FIRE LLEGARON A DESTRUIR EL JUEGO !! - TheDonato,TheDonato,UCaHEdZtk6k7SVP-umnzifmQ,20,Gaming,,0,https://i.ytimg.com/vi/4TwRNLgsyr8/hqdefault.jpg,es,es,False,1165,PT19M25S,hd,False,True,False,False,1301973,30786,752
NkrMrau_Y9A,NI,2026-10-04T06:12:06.946859+00:00,2026-09-29T18:00:09Z,Romeo Santos - Cancioncitas de Amor (Letra / Lyrics),Romeo Santos - Cancioncitas de Amor (Letra / Lyrics),beats and beats,UCl8zIsdXIVvYOZDMCgwZVFw,10,Music,"sub español, traducida al español, subtitulada al español, traducción, letra, subtitulada, traducciones, translations, beats and beats, Tiktok, Romeo Santos Cancioncitas de Amor",11,https://i.ytimg.com/vi/NkrMrau_Y9A/hqdefault.jpg,es,es,False,238,PT3M58S,hd,False,True,False,False,327793,1103,3
i4AE7dRswmU,NI,2026-10-04T06:12:06.946864+00:00,2026-10-03T22:55:36Z,Matamos al GATO con SOMBRERO en Roblox Brookhaven…,Matamos al GATO con SOMBRERO en Roblox Brookhaven…,Speedy Y Milo,UCQqpgyPrNIQxUf1mAy8aU-g,20,Gaming,"roblox, dagar, xturbo, speedy y milo roblox, milo y speedy, turboblox, dagar roblox, videos sonic, amigos roblox, sonic, roblox roleplay, roblox juegos, dagar y nacho, nacho roblox, sonic roblox, speedyroblox, xturbo roblox, speedy, roblox dagar, nacho y dagar, noob, obby, speed amigos, speedy y milo",24,https://i.ytimg.com/vi/i4AE7dRswmU/hqdefault.jpg,es,es,False,566,PT9M26S,hd,False,True,False,False,82915,844,20
Qg9wZHaXOVo,NI,2026-10-04T06:12:06.946868+00:00,2026-09-30T17:55:10Z,La Diabla - Romeo Santos (Letra) | (Lyrics),La Diabla - Romeo Santos (Letra) | (Lyrics),Xabian.j,UCdJfg4V6n7-gttg1FCUYWqw,10,Music,"Xabian, xabian, Xabian.j, xabian.j, La Diabla, La Diabla Romeo Santos, Romeo Santos, Romeo Santos La Diabla, La Diabla Letra, La Diabla Lyrics, Romeo Santos Letra, Romeo Santos Lyrics, Lyrics, Letra, Bachata, Bachata Romantica, Música Latina, Música Tropical, Fórmula Vol 1, Formula Vol 1 Romeo Santos, Bachata Dominicana, Romeo Santos 2012",22,https://i.ytimg.com/vi/Qg9wZHaXOVo/hqdefault.jpg,es-419,es,False,247,PT4M7S,hd,False,True,False,False,270455,312,0
X3zi-R-gzBE,NI,2026-10-04T06:12:06.946873+00:00,2026-10-03T15:00:36Z,The Last 1%,The Last 1%,Clash Royale,UC_F8DoJf9MZogEOU51TpTbQ,20,Gaming,"Clash Royale, Clash Royale Game, Supercell, Supercell Game, Clash Royale Supercell, Mobile Game",6,https://i.ytimg.com/vi/X3zi-R-gzBE/hqdefault.jpg,en,en,False,62,PT1M2S,hd,False,True,False,False,446737,14782,386
pUPQG-56ga8,NI,2026-10-04T06:12:06.946877+00:00,2026-09-29T14:25:05Z,Carín León - Desde Que te Tengo (Letra),Carín León - Desde Que te Tengo (Letra),HIDEAWAY,UCAAD9ptmH1iJ0ow7wt0Un3g,10,Music,"hideaway, carin leon, carin leon desde que te tengo, carín león, regional mexicano, musica mexicana, latin music, corridos, rancheras, desde que te tengo carin leon, que vuelvas carin leon, segun quien carin leon, me la avente carin leon, letra, lyric video, lyrics on screen, hideaway lyrics, corridos romanticos 2026, musica mexicana romantica, carin leon exitos, carin leon mix 2026, musica para enamorados, canciones romanticas 2026, regional mexicano 2026, carin leon mix",25,https://i.ytimg.com/vi/pUPQG-56ga8/hqdefault.jpg,es,en-GB,False,227,PT3M47S,hd,False,True,False,False,505117,659,8
N3bcWVvq9g8,NI,2026-10-04T06:12:06.946882+00:00,2026-10-03T16:51:18Z,NUEVA ACTUALIZACIÓN MILITAR en BROOKHAVEN,NUEVA ACTUALIZACIÓN MILITAR en BROOKHAVEN,SoyWelix,UCEc6kZNBV0WAKV5GZlLLgwA,22,People & Blogs,,0,https://i.ytimg.com/vi/N3bcWVvq9g8/hqdefault.jpg,es,es,False,769,PT12M49S,hd,False,True,False,False,104516,1750,105
UeoxhaK7f2s,NI,2026-10-04T06:12:06.946886+00:00,2026-09-30T23:45:06Z,versAAce | CARABIN3 ft ANUEL AA (Video Oficial),versAAce | CARABIN3 ft ANUEL AA (Video Oficial),CARABIN3 Oficial,UC6jxpqc-T7Hp_90MESZCwdA,10,Music,"versace, versace anuel aa, versace anuel, versace carabine, versace carabin3, versace anuel carabine, versace anuel aa carabine, versace anuel aa carabin3, anuel aa carabine, lo nuevo de anuel, lo nuevo de carabin3, trap latino mix, exitos trap latino, free anuel",14,https://i.ytimg.com/vi/UeoxhaK7f2s/hqdefault.jpg,es,es,False,161,PT2M41S,hd,False,False,False,False,1037132,32434,1826
kARtQdsGn8M,NI,2026-10-04T06:12:06.946891+00:00,2026-10-02T00:00:09Z,Competimos Con Una C90 Alterada Para Ganar Una Apuesta Millonaria,Competimos Con Una C90 Alterada Para Ganar Una Apuesta Millonaria,RDjavi,UCzjF2EUojZ1hVd_JVKhbCJA,20,Gaming,"rdjavi, gta, carros potentes, los mejores carros de gta, El cojo, cojoaventuras, creativos rp, danirep, vegeta777, mexico, roleplay, rp, ibai carreras gta, auron carreras, colombia, panama, venezuela, argentina, gaming españa, rolplay, rdjavi live, Rdjavi, nos fugamos, honda, honda turbo, rescate, traidores, agentes, RB26, r34, Usamos un R34 Alterado Para fugarnos, nos fugamos de prision, rb26 alterado, fuga de la carcel, como fugarse de prision, corredor, awd, contrarios, ex enemigo, brujo, habibi",41,https://i.ytimg.com/vi/kARtQdsGn8M/hqdefault.jpg,es,es,False,1998,PT33M18S,hd,False,True,False,False,1929424,75967,2367
ZimYq4Yeavc,NI,2026-10-04T06:12:06.946896+00:00,2026-09-28T14:11:39Z,I Want to Know What Love Is (1999 Remaster),I Want to Know What Love Is (1999 Remaster),Foreigner - Topic,UClWBvmriAFpqxngoC7DPhJg,10,Music,"Foreigner, 80s music greatest hits, I Want to Know What Love Is (1999 Remaster)",3,https://i.ytimg.com/vi/ZimYq4Yeavc/hqdefault.jpg,en,en,False,305,PT5M5S,hd,False,True,False,False,989402,8116,21
LRrzofOTJYk,NI,2026-10-04T06:12:06.946900+00:00,2026-10-03T15:22:30Z,PENSÉ QUE NO VOLVERÍAS JAMÁS! TOBI EN FREE FIRE!!!,PENSÉ QUE NO VOLVERÍAS JAMÁS! TOBI EN FREE FIRE!!!,Golemcito Games,UC6Ij1c74Gm-TicYZsKL1FAw,20,Gaming,"Garena, Free, Fire, Diamantes, Gratis, ROBLOX, COLABORACION DE NARUTO TOBI, OBITO NUEVO, SORTEO DE CUENTA SAKURA, TENDENCIA #1, FREE CASH, SORTE DE CUENTA HIPHOP, NARUTO SHIPPUDEN COLABORACION",13,https://i.ytimg.com/vi/LRrzofOTJYk/hqdefault.jpg,es,es,False,746,PT12M26S,hd,False,True,False,False,205453,11452,257
PLhh8RnbkW0,NI,2026-10-04T06:12:06.946904+00:00,2026-09-25T16:00:02Z,Maná - En El Muelle De San Blas (2019 Remasterizado) | Letra / Lyrics,Maná - En El Muelle De San Blas (2019 Remasterizado) | Letra / Lyrics,Todo Maná,UChiyFnrv2WM1nxdnXoDrZiQ,10,Music,"maná, mana, maná letras, mana letras, maná letra, lyrics, maná con letra, maná karaoke, maná música, rock mexicano, Maná, Todo Maná, Todo Mana, mana mtv unplugged, mana exitos, maná en el muelle de san blas, en el muelle de san blas letra, maná lyrics, mana en el muelle de san blas, en el muelle de san blas maná, maná exitos, en el muelle de san blas karaoke, en el muelle de san blas instrumental, en el muelle de san blas en vivo, en el muelle de san blas cover, maná unplugged",26,https://i.ytimg.com/vi/PLhh8RnbkW0/hqdefault.jpg,es,es,False,354,PT5M54S,hd,False,True,False,False,473817,538,10
z05mzNqS5aQ,NI,2026-10-04T06:12:06.946909+00:00,2026-10-03T20:57:44Z,ADMIN ABUSE ROBA UN HUEVO Y STEAL A BRAINROT,ADMIN ABUSE ROBA UN HUEVO Y STEAL A BRAINROT,Drakonite,UC204sun7f71TG_LIjpPLA9A,20,Gaming,"roblox, brainrot, brainrots, admin abuse, evento, steealabrainrot, roba un brainrot, tsunami",8,https://i.ytimg.com/vi/z05mzNqS5aQ/hqdefault.jpg,es,es-419,False,23082,PT6H24M42S,hd,False,True,False,False,296215,2385,20
NwCOZd4uNHM,NI,2026-10-04T06:12:06.946914+00:00,2026-09-24T19:44:01Z,Romeo Santos - Necio (Letra) ft. Santana,Romeo Santos - Necio (Letra) ft. Santana,sweetblue.,UCZdj1MDpyXBPI6nUs_2MZhw,10,Music,,0,https://i.ytimg.com/vi/NwCOZd4uNHM/hqdefault.jpg,es,zxx,False,265,PT4M25S,hd,False,True,False,False,947344,1137,6
krT8rHvuLnA,NI,2026-10-04T06:12:06.946918+00:00,2026-10-03T17:01:12Z,ROBÉ el HUEVO DIVINE de la NUEVA ZONA en ROBA UN HUEVO!😱 (Admin Abuse),ROBÉ el HUEVO DIVINE de la NUEVA ZONA en ROBA UN HUEVO!😱 (Admin Abuse),Jonbtc,UCIkoPdb6_lhL-Tgh6Ly2lVg,20,Gaming,"roblox, robux, rovlox, en roblox, de roblox, roblox gratis, ROBLOX, jonbtc, steal a brainrot, Actualizacion, soy neto, nueva actualizacion, admin, RITUAL, admin hoy, admin abuse, steal an egg, robar un huevo, roba un huevo, huevo, huevos, egg, brainrots, legendario, strawberry, huevos divine, divine, eternal, eternos, eterno, eterna, mejor mascota, mejor huevo, divino, monstruo, nuevos huevos, nuevas mascotas, nueva zona, encantado, bosque, ballena, leon, enchanted forest, zona, huevos encantados",45,https://i.ytimg.com/vi/krT8rHvuLnA/hqdefault.jpg,es,es-ES,False,1723,PT28M43S,hd,False,True,False,False,171896,1901,207
nUZp_OvW8BM,NI,2026-10-04T06:12:06.946922+00:00,2026-09-22T21:02:46Z,After (feat. Young Miko),After (feat. Young Miko),Conep - Topic,UCcL6TjmX01Db1p_e6jkSkBQ,10,Music,"Conep, Young Miko, After (feat. Young Miko), After",4,https://i.ytimg.com/vi/nUZp_OvW8BM/hqdefault.jpg,en,es,False,190,PT3M10S,hd,False,True,False,False,1039282,16388,322
kNZYPSJVil0,NI,2026-10-04T06:12:06.946927+00:00,2026-10-03T17:00:27Z,1000 Hunters vs 2 Speedrunners,1000 Hunters vs 2 Speedrunners,Karl,UCrYrcFGGs_nke1MggS8Jvqg,20,Gaming,karl jacobs,1,https://i.ytimg.com/vi/kNZYPSJVil0/hqdefault.jpg,en,en,False,1582,PT26M22S,hd,True,True,False,False,496690,12305,704
gdPLdi4h5kY,NI,2026-10-04T06:12:06.946931+00:00,2026-09-22T20:15:06Z,Ricardo Arjona - Dime Que No (Letra),Ricardo Arjona - Dime Que No (Letra),RIXELUS,UCrkF_lRGv6wuOZVNWCuOCuA,10,Music,"ricardo arjona, dime que no, sin daños a terceros album, ricardo arjona dime que no letra, ricardo arjona dime que no karaoke, ricardo arjona dime que no lyrics, ricardo arjona dime que no audio, ricardo arjona dime que no tiktok, latin pop, pop latino, latin rock, musica latina, karaoke, hd, hq, topic, rixelus",17,https://i.ytimg.com/vi/gdPLdi4h5kY/hqdefault.jpg,es,es,False,267,PT4M27S,hd,False,True,False,False,424189,508,1
