video_id,country,fetched_at,published_at,title,localized_title,channel_title,channel_id,category_id,category_name,tags,tag_count,thumbnail,default_language,audio_language,is_live,duration,duration_raw,definition,caption_available,licensed_content,embeddable,made_for_kids,views,likes,comments
s-dr_KJvmO4,PG,2026-03-28T03:22:50.818565+00:00,2026-03-27T04:00:47Z,"Miley Cyrus - Younger You (From the ""Hannah Montana 20th Anniversary Special"")","Miley Cyrus - Younger You (From the ""Hannah Montana 20th Anniversary Special"")",MileyCyrusVEVO,UCdI8evszfZvyAl2UVCypkTA,10,Music,"Miley Cyrus, Walt Disney Records, Pop",3,https://i.ytimg.com/vi/s-dr_KJvmO4/hqdefault.jpg,en,en,False,170,PT2M50S,hd,True,True,False,False,989066,81288,4643
IoHWPAN6FPg,PG,2026-03-28T03:22:50.818601+00:00,2026-03-26T16:00:22Z,The End of Oak Street | Official Teaser Trailer,The End of Oak Street | Official Teaser Trailer,Warner Bros.,UCjmJDM5pRKbUlVIzDYYWb6g,1,Film & Animation,"2026, Anne Hathaway, August 2026, Bad Robot, Christian Convery, Coming Soon, David Robert Mitchell, End Of Oak Street, Ewan McGregor, J.J. Abrams, Maisy Stella, Oak Street, Sci Fi, Warner Bros",14,https://i.ytimg.com/vi/IoHWPAN6FPg/hqdefault.jpg,en,en-US,False,93,PT1M33S,hd,True,False,False,False,3710446,36883,2538
HOUaFEEPmoA,PG,2026-03-28T03:22:50.818613+00:00,2026-03-27T21:04:47Z,NCAAM Sweet 16: Illinois vs. Houston,NCAAM Sweet 16: Illinois vs. Houston,TBS,UCD9-oAYJYLAX5GAKCz_48SA,24,Entertainment,,0,https://i.ytimg.com/vi/HOUaFEEPmoA/hqdefault.jpg,en,en,False,8509,PT2H21M49S,hd,True,True,False,False,0,0,0
jro2IZGBvJc,PG,2026-03-28T03:22:50.818622+00:00,2026-03-26T10:04:47Z,Ayúdame,Ayúdame,LOS DOS DE TAMAULIPAS - Topic,UCjDCUfKytMMjrshUQJ30qxg,10,Music,"LOS DOS DE TAMAULIPAS, Ayúdame",2,https://i.ytimg.com/vi/jro2IZGBvJc/hqdefault.jpg,es,es,False,162,PT2M42S,hd,False,True,False,False,170480,8872,124
hDfkBaYOtgs,PG,2026-03-28T03:22:50.818631+00:00,2026-03-27T16:48:33Z,Everyone Hates Black Snape - A Disaster for HBO's Harry Potter,Everyone Hates Black Snape - A Disaster for HBO's Harry Potter,Nerdrotic,UC5T0tXJN5CrMZUEJuz4oovw,24,Entertainment,"Nerdrotic, Gary Buechler, Pop-culture, TV, Movies, Comic Books, Nerd, Culture, Commentary, Opinion, Discussion, Podcast",12,https://i.ytimg.com/vi/hDfkBaYOtgs/hqdefault.jpg,en,en,False,759,PT12M39S,hd,False,True,False,False,214535,22123,4271
sZYHhl-yTg8,PG,2026-03-28T03:22:50.818639+00:00,2026-03-28T02:10:03Z,The Story With Martha MacCallum,The Story With Martha MacCallum,FOX News,UCqWYIzQLZFW4NFXPfWBLW1w,24,Entertainment,,0,https://i.ytimg.com/vi/sZYHhl-yTg8/hqdefault.jpg,en,en,False,3665,PT1H1M5S,sd,True,True,False,False,0,0,0
yYwAnCowLxI,PG,2026-03-28T03:22:50.818646+00:00,2026-03-27T22:00:06Z,CG5 - Crumbled Crown (CookieRun: Kingdom Song),CG5 - Crumbled Crown (CookieRun: Kingdom Song),CG5,UCLCdyRg3u5O-EVP5p46QxcQ,10,Music,"cg5, cg5 song, cookie run kingdom song, crumbled crown cg5, cookie run kingdom song cg5, crumbled crown, cookie run kingdom, cookie run",8,https://i.ytimg.com/vi/yYwAnCowLxI/hqdefault.jpg,en,en,False,187,PT3M7S,hd,False,True,False,False,122350,25102,3477
CizDIrZu56g,PG,2026-03-28T03:22:50.818654+00:00,2026-03-27T15:00:00Z,Spider-Man Brand New Day MAJOR CLUE We Missed!,Spider-Man Brand New Day MAJOR CLUE We Missed!,New Rockstars,UC7yRILFFJ2QZCykymr8LPwA,24,Entertainment,"new rockstars, new rockstars youtube, youtube new rockstars, spiderman, spider-man, brand new day, brand new day trailer, keith david, jackal, peter parker, marvel, spiderman trailer",12,https://i.ytimg.com/vi/CizDIrZu56g/hqdefault.jpg,en,en,False,768,PT12M48S,hd,False,True,False,False,148916,6374,653
flAnwfAonfk,PG,2026-03-28T03:22:50.818661+00:00,2026-03-28T02:17:32Z,NCAA Women's Championship Live,NCAA Women's Championship Live,ESPN,UCW7W_WAogi3qWDbO9PqOmZQ,24,Entertainment,,0,https://i.ytimg.com/vi/flAnwfAonfk/hqdefault.jpg,en,en,False,1441,PT24M1S,sd,True,True,False,False,0,0,0
aB57_9rLZE8,PG,2026-03-28T03:22:50.818669+00:00,2026-03-27T16:00:06Z,Fetty Wap - White Roses (feat. Divinity & Ymanie) [Official Video],Fetty Wap - White Roses (feat. Divinity & Ymanie) [Official Video],Harlem Fetty,UC_eQfAQjj6mYj92l3SBmIdg,10,Music,"Fetty Wap, Fetty, Wap, fetty, fetty wap, 1738, Harlem Fetty, Harlem, harlem fetthy, harlem, fetty wap 1738, new jersey, hip hop, fetty new music, new fetty, fetty wap zavier, zavier fetty wap, zavier, new fetty wap album, fetty wap new music, fetty wap new, fetty wap white roses, white roses fetty wap, white roses, divinity, ymanie, white, roses, Fetty Wap - White Roses (feat. Divinity &Ymanie) [Official Video]",29,https://i.ytimg.com/vi/aB57_9rLZE8/hqdefault.jpg,en,en,False,224,PT3M44S,hd,False,True,False,False,105935,12106,1171
cVuaamn_kwc,PG,2026-03-28T03:22:50.818677+00:00,2026-03-27T18:30:00Z,STOP! THAT! TRAIN! | Official Trailer (RuPaul 2026),STOP! THAT! TRAIN! | Official Trailer (RuPaul 2026),Entertainment Tonight,UCdtXPiqI2cLorKaPrfpKc4g,24,Entertainment,"Entertainment Tonight, etonline, et online, celebrity, hollywood, news, trending, et, et tonight, rupaul, rupaul's drag race, sarah michelle gellar, lisa rinna, nicole richie",14,https://i.ytimg.com/vi/cVuaamn_kwc/hqdefault.jpg,en,en,False,126,PT2M6S,hd,False,True,False,False,48403,2952,325
2p7vCsLkwQ8,PG,2026-03-28T03:22:50.818684+00:00,2026-03-28T00:29:04Z,Morning Joe,Morning Joe,MSNBC,UCPMoZoTUinLM-MngPHWijUw,24,Entertainment,,0,https://i.ytimg.com/vi/2p7vCsLkwQ8/hqdefault.jpg,en,en,False,14465,PT4H1M5S,hd,True,True,False,False,0,0,0
v742oCBECdQ,PG,2026-03-28T03:22:50.818691+00:00,2026-03-27T22:00:06Z,"Melanie Martinez – HADES Listening Chamber | London, England | 17 Mar 2026","Melanie Martinez – HADES Listening Chamber | London, England | 17 Mar 2026",melanie martinez,UC2YnEq5Fc5_zEO6bo0oNzCQ,10,Music,"melanie martinez, melanie, martinez, atlantic records, atlantic, crybaby, cry baby, dollhouse, doll house, pity party, sippy cup",11,https://i.ytimg.com/vi/v742oCBECdQ/hqdefault.jpg,en,en,False,4251,PT1H10M51S,hd,False,True,False,False,161092,37807,3234
GC_hss_ctE0,PG,2026-03-28T03:22:50.818699+00:00,2026-03-27T16:15:29Z,HEADS OR TAILS Official Trailer (2026) John C Reilly,HEADS OR TAILS Official Trailer (2026) John C Reilly,ONE Media,UCzcRQ3vRNr6fJ1A9rqFn7QA,1,Film & Animation,"movie trailer, new trailer, trailer, official, 2026, Heads or Tails, John C Reilly",7,https://i.ytimg.com/vi/GC_hss_ctE0/hqdefault.jpg,en,en,False,110,PT1M50S,hd,False,True,False,False,79655,811,88
W65u6MavjIQ,PG,2026-03-28T03:22:50.818707+00:00,2026-03-28T01:52:00Z,CNN News Central,CNN News Central,CNN,UCStfhR2V58QkCCyq_8dlk6g,24,Entertainment,,0,https://i.ytimg.com/vi/W65u6MavjIQ/hqdefault.jpg,en,en,False,3665,PT1H1M5S,hd,True,True,False,False,0,0,0
wqyuU7VEjUg,PG,2026-03-28T03:22:50.818714+00:00,2026-03-21T15:59:36Z,El Soy Yo,El Soy Yo,Grupo Samuray - Topic,UCeX6PYKEcTlqA2qifla0D8A,10,Music,"Grupo Samuray, Recuerdo Directo Al Corazon, El Soy Yo",3,https://i.ytimg.com/vi/wqyuU7VEjUg/hqdefault.jpg,es,es,False,186,PT3M6S,hd,False,True,False,False,433631,2857,10
Et-jiZePGII,PG,2026-03-28T03:22:50.818721+00:00,2026-03-26T01:00:00Z,‘Harry Potter’: See The 1st Trailer For The New Series!,‘Harry Potter’: See The 1st Trailer For The New Series!,Access Hollywood,UCiKGMZZmZXK-RpbKJGXgH3Q,24,Entertainment,"harry potter, harry potter show, harry potter series, harry potter tv show, harry potter and the philosophers stone, harry potter and the sorcerers stone, movies, harry potter series trailer, harry potter hbo series trailer, harry potter series trailer hbo, harry potter new series, harry potter tv series new cast, new harry potter series, harry potter and the philosopher's stone trailer, harry potter new tv series, harry potter and the cursed child trailer",16,https://i.ytimg.com/vi/Et-jiZePGII/hqdefault.jpg,en-US,en,False,140,PT2M20S,hd,False,True,False,False,728413,9673,3380
NtW8vo5uo3E,PG,2026-03-28T03:22:50.818728+00:00,2026-03-27T19:50:36Z,Roblox has 15 days left..,Roblox has 15 days left..,KreekCraft,UCxsk7hqE_CwZWGEJEkGanbA,20,Gaming,,0,https://i.ytimg.com/vi/NtW8vo5uo3E/hqdefault.jpg,en-US,en-US,False,674,PT11M14S,hd,False,True,False,False,524025,21721,4997
FRzT_SoxjFQ,PG,2026-03-28T03:22:50.818736+00:00,2026-03-27T04:00:24Z,"The LOX, Jaheim, Trent Shelton - Never Change (Official Lyric Video)","The LOX, Jaheim, Trent Shelton - Never Change (Official Lyric Video)",The Lox,UCX4Mq32Na22zP3vWdobP0bw,10,Music,,0,https://i.ytimg.com/vi/FRzT_SoxjFQ/hqdefault.jpg,en,en,False,271,PT4M31S,hd,False,True,False,False,56771,5891,612
OzqXwxfsfY8,PG,2026-03-28T03:22:50.818743+00:00,2026-03-27T18:30:34Z,I'm Not Mad About the New Harry Potter Trailer (Here's Why),I'm Not Mad About the New Harry Potter Trailer (Here's Why),Ben Shapiro,UCnQC_G5Xsjhp9fEJKuIcrSw,25,News & Politics,"ben shapiro, ben shapiro debate, ben shapiro best moments, ben shapiro reacts, ben shapiro transgenderism debate, ben shapiro jubilee, ben shapiro reacts to tiktok, ben shapiro reviews, ben shapiro debate with students, ben shapiro wicked, the ben shapiro show, ben shapiro show, ben shapiro interview, daily wire, ben shapiro destiny, ben shapiro sam harris, ben shapiro review, ben shapiro barbie, ben shapiro debate best moments, conservative, politics, trump, donald trump",23,https://i.ytimg.com/vi/OzqXwxfsfY8/hqdefault.jpg,en,en,False,473,PT7M53S,hd,False,True,False,False,45154,1675,941
_Dsq3AmAk18,PG,2026-03-28T03:22:50.818750+00:00,2026-03-27T21:16:42Z,OpTic TEXAS vs TORONTO KOI!! SCUMP WATCH PARTY - CDL BIRMINGHAM MAJOR 2 DAY 1,OpTic TEXAS vs TORONTO KOI!! SCUMP WATCH PARTY - CDL BIRMINGHAM MAJOR 2 DAY 1,Scump,UCCWSG8MXoqvIEBPRnOSxwzw,20,Gaming,,0,https://i.ytimg.com/vi/_Dsq3AmAk18/hqdefault.jpg,en,en,False,24932,PT6H55M32S,hd,False,True,False,False,404545,6059,48
asIAPZ_uor8,PG,2026-03-28T03:22:50.818758+00:00,2026-03-22T10:00:00Z,Listen to the Music,Listen to the Music,The Doobie Brothers - Topic,UCu_glVzsM9pvbSyXi2zzuVA,10,Music,"The Doobie Brothers, Soft Rock Best Songs from the 70s 80s 90s, Listen to the Music",3,https://i.ytimg.com/vi/asIAPZ_uor8/hqdefault.jpg,en,en,False,207,PT3M27S,hd,False,True,False,False,106521,1761,8
HIksTVHLx5E,PG,2026-03-28T03:22:50.818765+00:00,2026-03-27T17:41:00Z,Drinker's Chasers - Harry Potter Complete Breakdown,Drinker's Chasers - Harry Potter Complete Breakdown,Critical Drinker After Hours,UC5ckqMQFqpqVbGJNiHhNE7Q,24,Entertainment,,0,https://i.ytimg.com/vi/HIksTVHLx5E/hqdefault.jpg,en,en-GB,False,2193,PT36M33S,hd,False,True,False,False,75890,3759,1243
5NR_AhQBAmM,PG,2026-03-28T03:22:50.818772+00:00,2026-03-27T22:01:54Z,Call of Duty League Major II Tournament Day 1 (ALPHA),Call of Duty League Major II Tournament Day 1 (ALPHA),Call of Duty League,UCbLIqv9Puhyp9_ZjVtfOy7w,20,Gaming,"Florida Mutineers, Los Angeles Guerrillas, Minnesota Røkkr, Vegas Legion, Seattle Surge, Toronto Ultra, Atlanta FaZe, London Royal Ravens, New York Subliners, OpTic, Call of Duty League, CDL, esports, Call of Duty, COD, COD League, Call of Duty League highlights, Treyarch, Infinity Ward, Boston Breach, Los Angeles Thieves, OpTic Texas, CDL2023, Call of Duty League 2023, Call of Duty: Modern Warfare II, Modern Warfare II, MWII",27,https://i.ytimg.com/vi/5NR_AhQBAmM/hqdefault.jpg,en,en,False,26613,PT7H23M33S,hd,False,True,False,False,393124,2906,32
uYcNZLJ3KmU,PG,2026-03-28T03:22:50.818780+00:00,2026-03-26T15:00:01Z,BTS 'SWIM' Dance Practice,BTS 'SWIM' Dance Practice,BANGTANTV,UCLkAepWjdylmXSltofFvsYQ,10,Music,"방탄소년단, BTS, BANGTAN, 알엠, RM, 슈가, SUGA, 제이홉, jhope, 지민, 정국, k-pop, 방탄, j-hope, Jung Kook, Jimin, BTS V, Jin",18,https://i.ytimg.com/vi/uYcNZLJ3KmU/hqdefault.jpg,ko,ko,False,167,PT2M47S,hd,False,True,False,False,3901701,652707,22344
DvdFI-NTcGg,PG,2026-03-28T03:22:50.818788+00:00,2026-03-26T14:43:21Z,Halloween - Official Multiplayer Overview Trailer,Halloween - Official Multiplayer Overview Trailer,IGN,UCKy1dAqELo0zrOtPkf0eTMw,20,Gaming,"Action, Asymmetrical Multiplayer, Further Front, Gun Media, Halloween, Halloween [2026], Horror, Illfonic, Online Co-Op Multiplayer, Online Versus Multiplayer, PC, PlayStation 5, Unreal Engine 5, Xbox Series X/S",14,https://i.ytimg.com/vi/DvdFI-NTcGg/hqdefault.jpg,en,en,False,455,PT7M35S,hd,False,True,False,False,383448,21662,2547
BgVsjCORwaE,PG,2026-03-28T03:22:50.818796+00:00,2026-03-27T08:48:35Z,"Texas Children's Houston Open, First Round","Texas Children's Houston Open, First Round",Golf Channel,UCChSzsVWe1H3Kc2Fqn4atEQ,24,Entertainment,,0,https://i.ytimg.com/vi/BgVsjCORwaE/hqdefault.jpg,en,en,False,14405,PT4H5S,hd,True,True,False,False,0,0,0
HRLxv5ovwvI,PG,2026-03-28T03:22:50.818804+00:00,2026-03-27T20:00:00Z,Big Yavo - Flodging (Official Music Video),Big Yavo - Flodging (Official Music Video),Big Yavo,UCWwl_PGpc33Eqd5V_h3J5LQ,10,Music,"big yavo, rylo rodriguez, lil baby, luh soldier, 4pf, li heat, noodah05, lil bam, youngboy, youngboy never broke again, quando rondo, gucci mane, big30, pooh shiesty, moneybagg yo, foogiano, rap, hip-hop, cinematic music group, birmingham, birmingham rap, the largest, big yavo the largest, gorilla gang, dingers, big yavo dingers, flodging, big yavo video",28,https://i.ytimg.com/vi/HRLxv5ovwvI/hqdefault.jpg,en,en-US,False,176,PT2M56S,hd,False,False,False,False,21563,2819,158
vS42F4CHA4U,PG,2026-03-28T03:22:50.818812+00:00,2026-03-27T19:16:52Z,"13 NEW Harry Potter HBO Photos Released - Reaction & Breakdown (Snape, Dumbledore, Dursley's)","13 NEW Harry Potter HBO Photos Released - Reaction & Breakdown (Snape, Dumbledore, Dursley's)",MovieFlame,UCOajpsI8t3Eg-u-s2j_c-cQ,1,Film & Animation,"Harry Potter, Marvel, DC, Star Wars, Disney, Hunger Games, details you missed, hidden details, top 10, countdown, easter egg, easter eggs, behind the scenes, facts, explained, life of, review, theory, breakdown, analysis",20,https://i.ytimg.com/vi/vS42F4CHA4U/hqdefault.jpg,en,en,False,1128,PT18M48S,hd,False,True,False,False,58862,4390,1395
InDY8N6ytf0,PG,2026-03-28T03:22:50.818819+00:00,2026-03-28T01:57:29Z,FRIDAY 3/26,FRIDAY 3/26,Jynxzi,UCjiXtODGCCulmhwypZAWSag,24,Entertainment,,0,https://i.ytimg.com/vi/InDY8N6ytf0/hqdefault.jpg,en,en,False,20386,PT5H39M46S,hd,False,True,False,False,336736,5244,77
NwS_dxV4ZFU,PG,2026-03-28T03:22:50.818827+00:00,2026-03-20T18:23:03Z,Awi oh Ikawi,Awi oh Ikawi,SoulMatrix Music Production - Topic,UCBuvm9zf_SV0Bm6eAXOJ4Dw,10,Music,"SoulMatrix Music Production, Awibalum, Awi oh Ikawi",3,https://i.ytimg.com/vi/NwS_dxV4ZFU/hqdefault.jpg,su,ta,False,315,PT5M15S,hd,False,True,False,False,71890,872,0
WDTTE52j6jY,PG,2026-03-28T03:22:50.818834+00:00,2026-03-27T07:47:24Z,Stranded Under the Tuscan Sun,Stranded Under the Tuscan Sun,Bravo,UCbFaRGY8Bw3eLldVIFPDYhw,24,Entertainment,,0,https://i.ytimg.com/vi/WDTTE52j6jY/hqdefault.jpg,en,en,False,3665,PT1H1M5S,hd,False,True,False,False,0,0,0
89fXe7NAJbk,PG,2026-03-28T03:22:50.818841+00:00,2026-03-24T00:02:22Z,"Rauw Alejandro, Chencho Corleone - Desesperados  (Letra)","Rauw Alejandro, Chencho Corleone - Desesperados  (Letra)",Ritmo Fest,UC13_NvR3UwvMCxB_A2pdHmw,10,Music,"Ritmo Fest, salsa, bachata, vallenato, romeosantos, musica de tendencia, musica del momento, marc anthony, prince royce",9,https://i.ytimg.com/vi/89fXe7NAJbk/hqdefault.jpg,es,es,False,226,PT3M46S,hd,False,True,False,False,233090,472,4
EFJ3Lo4jfyU,PG,2026-03-28T03:22:50.818848+00:00,2026-03-27T22:45:51Z,Squawk on the Street,Squawk on the Street,CNBC,UCBvMULs2YrbFjhPJQBKILhw,24,Entertainment,,0,https://i.ytimg.com/vi/EFJ3Lo4jfyU/hqdefault.jpg,en,en,False,7266,PT2H1M6S,hd,True,True,False,False,0,0,0
JGw1UAYjFEY,PG,2026-03-28T03:22:50.818855+00:00,2026-03-26T22:00:06Z,Masicka - Boasty (Official Music Video),Masicka - Boasty (Official Music Video),Masicka,UCOSJVk71utzoCmRxzcfhM-A,10,Music,"Masicka, Dancehall, Jamaica, Jamaican, Dancehall King, Dancehall Nation, Dancehall Official, Teejay, Jah Vinci",9,https://i.ytimg.com/vi/JGw1UAYjFEY/hqdefault.jpg,en,en,False,198,PT3M18S,hd,False,True,False,False,345853,28512,4839
oM8SD9OvSAk,PG,2026-03-28T03:22:50.818863+00:00,2026-03-27T12:31:35Z,NCAAM Sweet 16: Texas vs. Purdue,NCAAM Sweet 16: Texas vs. Purdue,Paramount+,UCAsFkEWA-KL5tOdS4O-QUfw,24,Entertainment,,0,https://i.ytimg.com/vi/oM8SD9OvSAk/hqdefault.jpg,en,en,False,11105,PT3H5M5S,hd,True,False,False,False,0,0,0
tkqrF2uZdKc,PG,2026-03-28T03:22:50.818870+00:00,2026-03-27T23:00:51Z,Los Dos De Tamaulipas - Ayúdame (Video Oficial),Los Dos De Tamaulipas - Ayúdame (Video Oficial),AfinArte Music,UCZ3pVT4hv4hgWwHpJHyTNRQ,10,Music,"afinarte, music",2,https://i.ytimg.com/vi/tkqrF2uZdKc/hqdefault.jpg,es,es,False,157,PT2M37S,hd,False,True,False,False,26674,1906,55
Co2JvSp0qMI,PG,2026-03-28T03:22:50.818876+00:00,2026-03-28T02:44:34Z,NCAA Tournament: Minnesota State vs. Western Michigan,NCAA Tournament: Minnesota State vs. Western Michigan,ESPNU,UCtGP7XtIzd3bwARBmJNcZYA,24,Entertainment,,0,https://i.ytimg.com/vi/Co2JvSp0qMI/hqdefault.jpg,en,en,False,9575,PT2H39M35S,sd,True,True,False,False,0,0,0
N-NhTgJeGVY,PG,2026-03-28T03:22:50.818883+00:00,2026-03-26T21:00:06Z,"The Fetty Wap ""On The Radar"" Freestyle","The Fetty Wap ""On The Radar"" Freestyle",On The Radar Radio,UCa8b7nZo-iPKoJxspOplnWg,10,Music,"on the radar, off the radar, on the radar radio, freestyle, live performance, on the radar freestyle, off the radar freestyle, otr freestyle",8,https://i.ytimg.com/vi/N-NhTgJeGVY/hqdefault.jpg,en,en,False,190,PT3M10S,hd,False,True,False,False,175387,15677,1141
W0-helIsO30,PG,2026-03-28T03:22:50.818890+00:00,2026-03-27T21:16:20Z,I MUST FEED THE HOLE. [Berry Bury Berry 1/2],I MUST FEED THE HOLE. [Berry Bury Berry 1/2],Joe Bart Games,UCeBPTBz1oRnsWsUBnKNNKNw,20,Gaming,joebartolozzi,1,https://i.ytimg.com/vi/W0-helIsO30/hqdefault.jpg,en,en-US,False,3769,PT1H2M49S,hd,False,True,False,False,80737,3603,268
ARhx53R4Wac,PG,2026-03-28T03:22:50.818898+00:00,2026-03-27T04:03:15Z,Drop The Location,Drop The Location,Juvenile - Topic,UC8_gK8qgcCYYr9xP6G08EGA,10,Music,"Juvenile, Boiling Point, Drop The Location",3,https://i.ytimg.com/vi/ARhx53R4Wac/hqdefault.jpg,en,en,False,145,PT2M25S,hd,False,True,False,False,33638,1786,62
z24OVWHSPo0,PG,2026-03-28T03:22:50.818905+00:00,2026-03-27T15:01:11Z,Escape Tsunami But You Can BUY OWNER UPGRADES!,Escape Tsunami But You Can BUY OWNER UPGRADES!,Techys,UCoRjsuzMh-MqfRjvlqaVLPw,20,Gaming,,0,https://i.ytimg.com/vi/z24OVWHSPo0/hqdefault.jpg,en,en,False,724,PT12M4S,hd,False,True,False,False,254924,7882,416
yyYnY6kWIBk,PG,2026-03-28T03:22:50.818912+00:00,2026-03-27T00:01:04Z,Face The Flamë,Face The Flamë,Yeat - Topic,UCXvxWMFHlTAXlhpwkQ4Y2Hw,10,Music,"Yeat, YoungBoy Never Broke Again, ヤングボーイネバーブロークアゲイン, ヤングボーイ・ネヴァー・ブローク・アゲイン, Grimes, グライムス, ADL, Face The Flamë",8,https://i.ytimg.com/vi/yyYnY6kWIBk/hqdefault.jpg,en,en,False,225,PT3M45S,hd,False,True,False,False,143548,7012,336
Xwwr-IjeGfA,PG,2026-03-28T03:22:50.818920+00:00,2026-03-28T02:12:53Z,The Herd With Colin Cowherd,The Herd With Colin Cowherd,FS1,UC8f_6NxAk-x_HqzrIHTem9w,24,Entertainment,,0,https://i.ytimg.com/vi/Xwwr-IjeGfA/hqdefault.jpg,en,en,False,10865,PT3H1M5S,sd,True,True,False,False,0,0,0
aDqtuCGDzB4,PG,2026-03-28T03:22:50.818927+00:00,2026-03-27T00:00:00Z,Pal Agua,Pal Agua,J Balvin - Topic,UCWw-Guyr5ul9B-d5kJlHMng,10,Music,"J Balvin, ジェーバルビン, J. バルヴィン, Ryan Castro, Pal Agua",5,https://i.ytimg.com/vi/aDqtuCGDzB4/hqdefault.jpg,en,es,False,207,PT3M27S,hd,False,True,False,False,208130,4290,46
K7mGz8mr-xU,PG,2026-03-28T03:22:50.818934+00:00,2026-03-27T17:27:25Z,3 Scary Games,3 Scary Games,jacksepticeye,UCYzPXprvl5Y-Sf0g4vX-m6g,20,Gaming,jacksepticeye,1,https://i.ytimg.com/vi/K7mGz8mr-xU/hqdefault.jpg,en,en,False,5405,PT1H30M5S,hd,False,True,False,False,189299,15242,873
tknHBTY-rAw,PG,2026-03-28T03:22:50.818941+00:00,2026-03-27T17:07:15Z,Joyner Lucas ft. NBA YoungBoy - Deep End (ADHD 2 Reloaded),Joyner Lucas ft. NBA YoungBoy - Deep End (ADHD 2 Reloaded),Joyner Lucas,UCUebubwSuTHfHjWJI4gCS9A,10,Music,,0,https://i.ytimg.com/vi/tknHBTY-rAw/hqdefault.jpg,en,en,False,186,PT3M6S,hd,False,True,False,False,41134,5115,465
rmZVQcn_YkI,PG,2026-03-28T03:22:50.818948+00:00,2026-03-27T17:56:34Z,ROBLOX SURVIVE AVALANCHE FOR BRAINROTS..,ROBLOX SURVIVE AVALANCHE FOR BRAINROTS..,Foltyn,UCRkuUgtDAL4XSU5jB40J_wA,20,Gaming,"foltyn, foltyn roblox, roblox, roblox foltyn, foltyn family, funny, no swearing, foltyn family roblox, roblox foltyn family, blade ball, roblox blade ball, foltyn blade ball, survive avalanches for brainrots, roblox brainrot games, foltyn brainrot, foltyn and caylus, foltyn and caylus playing together, foltyn and caylus playing roblox together, roblox be a lucky block, roblox slap brainrots.., roblox climb for brainrots..",21,https://i.ytimg.com/vi/rmZVQcn_YkI/hqdefault.jpg,en,en-US,False,924,PT15M24S,hd,False,True,False,False,238483,7368,1440
qcAL9Ymt-aQ,PG,2026-03-28T03:22:50.818955+00:00,2026-03-20T18:20:20Z,Morena,Morena,Los Felinos - Topic,UC3dU88Jad0MEJSbou6BdpvA,10,Music,"Los Felinos, Jose T. Martinez, Flor Morena, Morena",4,https://i.ytimg.com/vi/qcAL9Ymt-aQ/hqdefault.jpg,es,es,False,227,PT3M47S,hd,False,True,False,False,393772,3507,0
ky51sMqJeng,PG,2026-03-28T03:22:50.818962+00:00,2026-03-27T19:00:51Z,Testing YOUTUBER Roblox Games..,Testing YOUTUBER Roblox Games..,CaylusBlox,UCsPMNatXCwqyUuJilBT73jg,20,Gaming,"caylusblox, caylus roblox, caylus, caylus gaming, caylus infinite, infinite lists, calus, callus, calis, roblox, caylus horror, caylus scary, caylus scariest, caylus scary myths, caylus creepy, caylus roblox horror, caylus roblox scary, caylus steal a brainrot, caylus aura, caylus stream, caylus brainrot, caylus foltyn, testing youtuber roblox games",23,https://i.ytimg.com/vi/ky51sMqJeng/hqdefault.jpg,en-US,en-US,False,2502,PT41M42S,hd,False,True,False,False,205097,3887,626
